1 0.342704 0.211542 0.101207
2 0.342704 0.302372 0.023215
3 0.342704 0.31708 0.0147308
4 0.342704 0.323225 0.0116561
5 0.342704 0.326924 0.0090151
6 0.342704 0.329348 0.00781527
7 0.343103 0.332695 0.00638201
8 0.343103 0.335831 0.00429301
9 0.343103 0.336501 0.00377262
10 0.343935 0.337455 0.00310099
11 0.343935 0.338071 0.00282738
12 0.349938 0.339093 0.00292459
13 0.349938 0.339352 0.00287477
14 0.349938 0.339864 0.00269093
15 0.349938 0.340193 0.00265179
16 0.349938 0.340506 0.00255409
17 0.349938 0.340718 0.00240911
18 0.349938 0.341 0.00224904
19 0.349938 0.341256 0.00209065
20 0.349938 0.341392 0.00196459
21 0.349938 0.341565 0.00180309
22 0.349938 0.34162 0.001766
23 0.349938 0.341789 0.00165683
24 0.526549 0.345145 0.023669
25 0.526549 0.345198 0.0236592
26 0.526549 0.345198 0.0236592
27 0.526549 0.345394 0.0236294
28 0.526549 0.34545 0.0236196
29 0.526549 0.34556 0.0236061
30 0.526549 0.345614 0.0235972
31 0.526549 0.345703 0.0235843
32 0.526549 0.345703 0.0235843
33 0.526549 0.345769 0.0235737
34 0.526549 0.345782 0.0235712
35 0.526549 0.345791 0.0235696
36 0.526549 0.34583 0.0235639
37 0.526549 0.346112 0.0235707
38 0.526549 0.346151 0.0235649
39 0.526549 0.34623 0.0235559
40 0.526549 0.346413 0.023532
41 0.526549 0.347323 0.0243745
42 0.526549 0.347323 0.0243745
43 0.526549 0.347392 0.0243643
44 0.526549 0.347513 0.0243446
45 0.60003 0.352067 0.0404275
46 0.60003 0.352075 0.0404257
47 0.60003 0.35352 0.041473
48 0.60003 0.353605 0.0414531
49 0.60003 0.353605 0.0414531
50 0.60003 0.354061 0.0414593
51 0.60003 0.354536 0.0414138
52 0.60003 0.354638 0.0413866
53 0.60003 0.354736 0.0413609
54 0.60003 0.354808 0.0413415
55 0.60003 0.355429 0.0414153
56 0.60003 0.355441 0.0414117
57 0.60003 0.358574 0.0440063
58 0.60003 0.358574 0.0440063
59 0.60003 0.358574 0.0440063
60 0.60003 0.358574 0.0440063
61 0.60003 0.361941 0.0494755
62 0.60003 0.36251 0.0494381
63 0.60003 0.36251 0.0494381
64 0.60003 0.36251 0.0494381
65 0.60003 0.366126 0.0554206
66 0.60003 0.366126 0.0554206
67 0.60003 0.366155 0.055409
68 0.60003 0.366471 0.055324
69 0.60003 0.366694 0.0552473
70 0.60003 0.366747 0.0552259
71 0.60003 0.37013 0.0584424
72 0.60003 0.373781 0.0600708
73 0.60003 0.374082 0.0599518
74 0.60003 0.374082 0.0599518
75 0.60003 0.374162 0.0599126
76 0.60003 0.379563 0.0641574
77 0.60003 0.379563 0.0641574
78 0.60003 0.381518 0.0644553
79 0.60003 0.381518 0.0644553
80 0.60003 0.381549 0.0644378
81 0.601648 0.388521 0.071545
82 0.601648 0.391883 0.0740953
83 0.601648 0.392807 0.0738419
84 0.601648 0.39293 0.0737677
85 0.601648 0.39293 0.0737677
86 0.601648 0.394443 0.0733285
87 0.673761 0.399925 0.0812795
88 0.673761 0.404099 0.0845316
89 0.673761 0.409465 0.090623
90 0.673761 0.409465 0.090623
91 0.673761 0.410862 0.0902676
92 0.673761 0.413778 0.0909268
93 0.673761 0.419026 0.0915123
94 0.673761 0.420063 0.0908999
95 0.673761 0.420169 0.0908169
96 0.673761 0.43263 0.0963717
97 0.673761 0.43553 0.0963379
98 0.673761 0.435634 0.0962447
99 0.673761 0.435679 0.0962034
100 0.673761 0.43854 0.0960519
101 0.673761 0.44071 0.0954111
102 0.673761 0.44071 0.0954111
103 0.673761 0.441692 0.0947347
104 0.673761 0.441692 0.0947347
105 0.673761 0.445294 0.0933055
106 0.673761 0.45297 0.0942642
107 0.673761 0.455262 0.0933591
108 0.673761 0.457269 0.0923364
109 0.673761 0.465403 0.0925532
110 0.673761 0.471309 0.0925046
111 0.673761 0.471309 0.0925046
112 0.673761 0.471565 0.0921911
113 0.673761 0.474314 0.091095
114 0.673761 0.479386 0.0888
115 0.673761 0.479386 0.0888
116 0.673761 0.483769 0.088679
117 0.673761 0.483769 0.088679
118 0.673761 0.483769 0.088679
119 0.673761 0.487387 0.0864395
120 0.673761 0.487387 0.0864395
121 0.673761 0.48964 0.0848586
122 0.673761 0.48964 0.0848586
123 0.673761 0.48964 0.0848586
124 0.673761 0.492163 0.0831394
125 0.673761 0.492163 0.0831394
126 0.673761 0.49495 0.0799194
127 0.673761 0.49495 0.0799194
128 0.673761 0.495993 0.0786687
129 0.673761 0.496694 0.077722
130 0.673761 0.496694 0.077722
131 0.673761 0.496721 0.0776802
132 0.673761 0.500862 0.077844
133 0.673761 0.501935 0.0765826
134 0.673761 0.504512 0.0749742
135 0.673761 0.509078 0.076411
136 0.673761 0.509078 0.076411
137 0.673761 0.509078 0.076411
138 0.673761 0.509078 0.076411
139 0.673761 0.509078 0.076411
140 0.719942 0.514501 0.0795717
141 0.719942 0.514501 0.0795717
142 0.719942 0.51548 0.0784661
143 0.719942 0.516675 0.0772311
144 0.719942 0.51797 0.0759934
145 0.719942 0.51797 0.0759934
146 0.719942 0.51797 0.0759934
147 0.719942 0.518553 0.0752583
148 0.719942 0.518553 0.0752583
149 0.719942 0.51912 0.0745724
150 0.719942 0.522351 0.0732385
151 0.719942 0.522351 0.0732385
152 0.719942 0.522351 0.0732385
153 0.719942 0.522351 0.0732385
154 0.719942 0.522351 0.0732385
155 0.719942 0.522351 0.0732385
156 0.719942 0.528876 0.0718944
157 0.719942 0.528876 0.0718944
158 0.719942 0.528876 0.0718944
159 0.719942 0.529615 0.0711154
160 0.719942 0.529615 0.0711154
161 0.719942 0.529615 0.0711154
162 0.719942 0.529615 0.0711154
163 0.719942 0.529615 0.0711154
164 0.719942 0.529615 0.0711154
165 0.719942 0.530663 0.0701232
166 0.719942 0.5318 0.0690693
167 0.719942 0.5318 0.0690693
168 0.719942 0.533115 0.0679428
169 0.719942 0.533115 0.0679428
170 0.719942 0.533115 0.0679428
171 0.719942 0.533115 0.0679428
172 0.719942 0.533404 0.0675725
173 0.719942 0.535664 0.0666904
174 0.719942 0.537613 0.0656482
175 0.719942 0.537613 0.0656482
176 0.719942 0.538648 0.0646286
177 0.719942 0.539052 0.0641165
178 0.719942 0.539052 0.0641165
179 0.719942 0.539981 0.0631771
180 0.719942 0.539981 0.0631771
181 0.719942 0.540365 0.0627093
182 0.719942 0.540365 0.0627093
183 0.719942 0.540365 0.0627093
184 0.719942 0.540365 0.0627093
185 0.719942 0.540365 0.0627093
186 0.719942 0.540365 0.0627093
187 0.719942 0.543648 0.0633108
188 0.719942 0.543648 0.0633108
189 0.719942 0.547798 0.0624737
190 0.719942 0.547798 0.0624737
191 0.719942 0.548657 0.061699
192 0.719942 0.548657 0.061699
193 0.719942 0.550698 0.0610236
194 0.719942 0.55196 0.0601004
195 0.719942 0.55196 0.0601004
196 0.719942 0.55196 0.0601004
197 0.719942 0.55196 0.0601004
198 0.719942 0.55196 0.0601004
199 0.719942 0.555417 0.0612095
200 0.719942 0.557348 0.0603544
201 0.719942 0.560282 0.0605602
202 0.719942 0.56034 0.0604807
203 0.719942 0.56034 0.0604807
204 0.719942 0.56034 0.0604807
205 0.719942 0.56034 0.0604807
206 0.719942 0.56034 0.0604807
207 0.719942 0.56034 0.0604807
208 0.719942 0.56034 0.0604807
209 0.719942 0.56034 0.0604807
210 0.719942 0.56034 0.0604807
211 0.719942 0.56034 0.0604807
212 0.719942 0.56034 0.0604807
213 0.719942 0.564736 0.0591531
214 0.719942 0.564736 0.0591531
215 0.719942 0.564736 0.0591531
216 0.719942 0.564736 0.0591531
217 0.719942 0.564736 0.0591531
218 0.719942 0.564736 0.0591531
219 0.719942 0.564736 0.0591531
220 0.719942 0.564736 0.0591531
221 0.719942 0.564736 0.0591531
222 0.719942 0.567611 0.059054
223 0.719942 0.567611 0.059054
224 0.719942 0.567611 0.059054
225 0.719942 0.567611 0.059054
226 0.719942 0.567611 0.059054
227 0.719942 0.567611 0.059054
228 0.719942 0.567611 0.059054
229 0.719942 0.567611 0.059054
230 0.719942 0.567611 0.059054
231 0.719942 0.567611 0.059054
232 0.719942 0.567611 0.059054
233 0.719942 0.567611 0.059054
234 0.719942 0.567611 0.059054
235 0.719942 0.567611 0.059054
236 0.719942 0.567611 0.059054
237 0.719942 0.567611 0.059054
238 0.719942 0.567611 0.059054
239 0.719942 0.567611 0.059054
240 0.719942 0.567611 0.059054
241 0.719942 0.567611 0.059054
242 0.719942 0.567611 0.059054
243 0.719942 0.567611 0.059054
244 0.719942 0.567611 0.059054
245 0.719942 0.567611 0.059054
246 0.719942 0.567611 0.059054
247 0.719942 0.567611 0.059054
248 0.719942 0.567611 0.059054
249 0.719942 0.567611 0.059054
250 0.719942 0.567611 0.059054
251 0.719942 0.567611 0.059054
252 0.719942 0.568987 0.0580166
253 0.719942 0.568987 0.0580166
254 0.719942 0.568987 0.0580166
255 0.719942 0.568987 0.0580166
256 0.719942 0.568987 0.0580166
257 0.719942 0.568987 0.0580166
258 0.719942 0.568987 0.0580166
259 0.719942 0.568987 0.0580166
260 0.719942 0.568987 0.0580166
261 0.719942 0.568987 0.0580166
262 0.719942 0.568987 0.0580166
263 0.719942 0.568987 0.0580166
264 0.719942 0.568987 0.0580166
265 0.719942 0.568987 0.0580166
266 0.719942 0.568987 0.0580166
267 0.719942 0.568987 0.0580166
268 0.719942 0.568987 0.0580166
269 0.719942 0.568987 0.0580166
270 0.719942 0.568987 0.0580166
271 0.719942 0.568987 0.0580166
272 0.719942 0.571713 0.0578881
273 0.719942 0.571713 0.0578881
274 0.719942 0.571713 0.0578881
275 0.719942 0.571713 0.0578881
276 0.719942 0.571713 0.0578881
277 0.719942 0.571713 0.0578881
278 0.719942 0.571713 0.0578881
279 0.719942 0.571713 0.0578881
280 0.719942 0.571713 0.0578881
281 0.719942 0.571713 0.0578881
282 0.719942 0.571713 0.0578881
283 0.719942 0.571954 0.0575746
284 0.719942 0.571954 0.0575746
285 0.719942 0.571954 0.0575746
286 0.719942 0.571954 0.0575746
287 0.719942 0.571954 0.0575746
288 0.719942 0.571954 0.0575746
289 0.719942 0.571954 0.0575746
290 0.719942 0.571954 0.0575746
291 0.719942 0.571954 0.0575746
292 0.719942 0.571954 0.0575746
293 0.719942 0.571954 0.0575746
294 0.719942 0.571954 0.0575746
295 0.719942 0.571954 0.0575746
296 0.719942 0.571954 0.0575746
297 0.719942 0.571954 0.0575746
298 0.719942 0.571954 0.0575746
299 0.719942 0.571954 0.0575746
300 0.719942 0.571954 0.0575746
