1 0.255522 0.134771 0.0732735
2 0.263298 0.18374 0.0505213
3 0.270837 0.20979 0.03484
4 0.270837 0.222591 0.0244902
5 0.270837 0.231918 0.0182773
6 0.270837 0.236258 0.0149119
7 0.270837 0.240698 0.0136538
8 0.270837 0.24391 0.0119663
9 0.270837 0.246706 0.0104275
10 0.270837 0.248296 0.00921834
11 0.270837 0.248864 0.00881506
12 0.270837 0.25001 0.00826127
13 0.271631 0.251164 0.00796804
14 0.271631 0.252716 0.00700384
15 0.271631 0.253234 0.0067246
16 0.279334 0.2552 0.00719827
17 0.279334 0.256164 0.00734682
18 0.279334 0.256339 0.00723104
19 0.279334 0.257831 0.00725022
20 0.279714 0.258824 0.0076301
21 0.279714 0.258824 0.0076301
22 0.279714 0.258963 0.00749356
23 0.286584 0.25981 0.0081222
24 0.286584 0.259962 0.00803238
25 0.286584 0.2604 0.00794911
26 0.286584 0.260979 0.00838769
27 0.286584 0.261112 0.008295
28 0.289383 0.262045 0.0087752
29 0.289383 0.262323 0.00861342
30 0.289383 0.262682 0.00842686
31 0.289383 0.262682 0.00842686
32 0.289383 0.263661 0.00880582
33 0.289383 0.263756 0.00873898
34 0.289383 0.264401 0.00857458
35 0.289383 0.265268 0.0084059
36 0.289609 0.266344 0.00859459
37 0.289609 0.266486 0.00847287
38 0.289609 0.267126 0.00839868
39 0.289609 0.267908 0.00816086
40 0.289609 0.268409 0.00848828
41 0.289609 0.268626 0.00834728
42 0.289609 0.268992 0.0084076
43 0.289609 0.26983 0.00865547
44 0.289609 0.270634 0.00848206
45 0.289609 0.270634 0.00848206
46 0.289609 0.270824 0.0083773
47 0.289609 0.271231 0.00845472
48 0.289609 0.271284 0.00839831
49 0.289609 0.272237 0.008276
50 0.289609 0.273921 0.00828513
51 0.289609 0.273921 0.00828513
52 0.31807 0.275599 0.0096222
53 0.31807 0.275931 0.00953519
54 0.31807 0.276544 0.00943357
55 0.31807 0.276724 0.00929491
56 0.31807 0.277288 0.00916241
57 0.31807 0.278251 0.00876967
58 0.31807 0.278939 0.00861578
59 0.31807 0.278939 0.00861578
60 0.31807 0.27931 0.008348
61 0.31807 0.279781 0.00792174
62 0.31807 0.280048 0.00785276
63 0.31807 0.280297 0.0077657
64 0.31807 0.280508 0.00766039
65 0.31807 0.280508 0.00766039
66 0.31807 0.281049 0.00735554
67 0.31807 0.281238 0.00716859
68 0.31807 0.281238 0.00716859
69 0.31807 0.281907 0.00671445
70 0.31807 0.282096 0.0066147
71 0.31807 0.283129 0.00624836
72 0.31807 0.283767 0.00622383
73 0.31807 0.284028 0.0062051
74 0.31807 0.284028 0.0062051
75 0.31807 0.284379 0.00601826
76 0.31807 0.284839 0.00571228
77 0.31807 0.285056 0.00566779
78 0.31807 0.285056 0.00566779
79 0.31807 0.285123 0.00561568
80 0.31807 0.285542 0.00551177
81 0.31807 0.28562 0.00546175
82 0.31807 0.285725 0.00540974
83 0.31807 0.285725 0.00540974
84 0.31807 0.285786 0.00536483
85 0.31807 0.285906 0.00531352
86 0.31807 0.285906 0.00531352
87 0.31807 0.285992 0.0052594
88 0.31807 0.28623 0.00519018
89 0.31807 0.286424 0.00520537
90 0.31807 0.286424 0.00520537
91 0.31807 0.286438 0.00519112
92 0.31807 0.286496 0.0051497
93 0.31807 0.286766 0.00507882
94 0.31807 0.28689 0.00503262
95 0.31807 0.287013 0.00496414
96 0.31807 0.287082 0.00492823
97 0.31807 0.287171 0.00488109
98 0.31807 0.28733 0.0048914
99 0.31807 0.28733 0.0048914
100 0.31807 0.287354 0.00487292
101 0.31807 0.287536 0.00484603
102 0.31807 0.287536 0.00484603
103 0.31807 0.287554 0.00483205
104 0.31807 0.287715 0.00485573
105 0.31807 0.287715 0.00485573
106 0.31807 0.28803 0.00476409
107 0.31807 0.28803 0.00476409
108 0.31807 0.288451 0.00519741
109 0.31807 0.288451 0.00519741
110 0.31807 0.288451 0.00519741
111 0.31807 0.288541 0.00517097
112 0.31807 0.288565 0.00515443
113 0.31807 0.288565 0.00515443
114 0.31807 0.288565 0.00515443
115 0.31807 0.288568 0.00515186
116 0.31807 0.288568 0.00515186
117 0.31807 0.288629 0.00511313
118 0.31807 0.288629 0.00511313
119 0.31807 0.288719 0.00506359
120 0.348844 0.289824 0.00917428
121 0.348844 0.289824 0.00917428
122 0.348844 0.289824 0.00917428
123 0.348844 0.291639 0.0126628
124 0.348844 0.291674 0.0126479
125 0.348844 0.291681 0.0126447
126 0.348844 0.291681 0.0126447
127 0.348844 0.291681 0.0126447
128 0.348844 0.291854 0.0125933
129 0.348844 0.292527 0.0133003
130 0.360095 0.293768 0.0158322
131 0.360095 0.293811 0.0158136
132 0.360095 0.293844 0.0157987
133 0.360095 0.293844 0.0157987
134 0.382672 0.2956 0.0193867
135 0.382672 0.295833 0.019347
136 0.382672 0.297367 0.0217226
137 0.382672 0.297406 0.0217044
138 0.382672 0.297406 0.0217044
139 0.382672 0.297406 0.0217044
140 0.382672 0.297706 0.0216763
141 0.382672 0.297706 0.0216763
142 0.382672 0.298461 0.0220594
143 0.382672 0.29919 0.0223759
144 0.382672 0.301014 0.0235025
145 0.382672 0.30131 0.0234322
146 0.382672 0.302358 0.0234835
147 0.382672 0.303929 0.0236315
148 0.382672 0.303929 0.0236315
149 0.382672 0.303929 0.0236315
150 0.382672 0.304421 0.0235906
151 0.382672 0.304421 0.0235906
152 0.382672 0.305698 0.0244768
153 0.382672 0.306023 0.0243597
154 0.382672 0.306267 0.0242492
155 0.382672 0.306768 0.024174
156 0.382672 0.307437 0.024204
157 0.382672 0.307437 0.024204
158 0.382672 0.307437 0.024204
159 0.382672 0.309335 0.0248594
160 0.382672 0.310449 0.0252883
161 0.382672 0.310449 0.0252883
162 0.382672 0.310449 0.0252883
163 0.382672 0.311501 0.0250591
164 0.382672 0.312955 0.0261953
165 0.382672 0.313855 0.026042
166 0.382672 0.314451 0.025737
167 0.382672 0.315706 0.0263301
168 0.382672 0.317182 0.0258716
169 0.39342 0.31938 0.0271446
170 0.39342 0.320669 0.0275579
171 0.39342 0.320669 0.0275579
172 0.39342 0.32182 0.0270949
173 0.39342 0.323168 0.0275197
174 0.39342 0.324008 0.0272859
175 0.39342 0.325901 0.0263516
176 0.39342 0.32663 0.0259983
177 0.39342 0.329539 0.0268944
178 0.408199 0.332255 0.0278502
179 0.408199 0.332255 0.0278502
180 0.408199 0.332348 0.027729
181 0.408199 0.333031 0.027282
182 0.408199 0.33368 0.0266243
183 0.408199 0.334995 0.0256899
184 0.408199 0.334995 0.0256899
185 0.408199 0.33589 0.0249385
186 0.408199 0.336595 0.0242351
187 0.408199 0.337674 0.0235245
188 0.408199 0.337786 0.0233761
189 0.408199 0.338666 0.0231648
190 0.408199 0.338666 0.0231648
191 0.408199 0.339361 0.0228223
192 0.408199 0.339504 0.0226496
193 0.408199 0.339538 0.0226057
194 0.408199 0.340072 0.0222827
195 0.408199 0.340072 0.0222827
196 0.408199 0.341472 0.0229052
197 0.408199 0.341563 0.0227995
198 0.408199 0.341841 0.0225595
199 0.408199 0.343088 0.0218797
200 0.414214 0.345036 0.0231727
