1 0.248159 0.130872 0.0730086
2 0.27535 0.174854 0.0560448
3 0.27535 0.198279 0.0438754
4 0.277896 0.21849 0.0314669
5 0.277896 0.230321 0.0221119
6 0.277896 0.234228 0.0183073
7 0.277896 0.23651 0.015679
8 0.277896 0.241018 0.0141133
9 0.277896 0.2434 0.01351
10 0.277896 0.244898 0.012603
11 0.277896 0.247237 0.0116792
12 0.277896 0.249086 0.0105755
13 0.277896 0.251657 0.0101596
14 0.281173 0.253181 0.0105842
15 0.281173 0.253689 0.0101044
16 0.281173 0.255425 0.0100224
17 0.281173 0.256798 0.00984945
18 0.281173 0.257557 0.0100513
19 0.281173 0.257929 0.00984998
20 0.281173 0.259018 0.00985339
21 0.281173 0.259579 0.00988229
22 0.281173 0.259579 0.00988229
23 0.281173 0.260141 0.0096643
24 0.281173 0.260956 0.00961171
25 0.281173 0.26173 0.00957655
26 0.282176 0.263216 0.00953625
27 0.282176 0.263216 0.00953625
28 0.282176 0.263868 0.00935559
29 0.282176 0.265499 0.00867477
30 0.282176 0.266407 0.00863619
31 0.282176 0.266443 0.00858454
32 0.282176 0.266887 0.00859946
33 0.282176 0.26768 0.0081082
34 0.282176 0.268038 0.00777009
35 0.282176 0.268556 0.00759095
36 0.282176 0.268974 0.00752167
37 0.282176 0.269778 0.00746902
38 0.282176 0.269778 0.00746902
39 0.282176 0.269799 0.00743639
40 0.282176 0.269799 0.00743639
41 0.282176 0.269819 0.00740781
42 0.282176 0.269846 0.00737175
43 0.282176 0.270288 0.00729541
44 0.282176 0.270487 0.00716623
45 0.282176 0.270864 0.00717137
46 0.282176 0.271104 0.00696603
47 0.282176 0.271647 0.0067755
48 0.282176 0.271939 0.00660182
49 0.282176 0.272198 0.00648633
50 0.282176 0.272331 0.00631314
51 0.282551 0.273088 0.00601224
52 0.282551 0.273396 0.00565625
53 0.282551 0.27371 0.00560923
54 0.293722 0.275181 0.00557427
55 0.293722 0.27539 0.00546488
56 0.293722 0.275464 0.00536847
57 0.293722 0.275816 0.00515572
58 0.293722 0.276471 0.00485233
59 0.293722 0.276603 0.00472004
60 0.293722 0.276757 0.0045871
61 0.293722 0.276757 0.0045871
62 0.293722 0.276757 0.0045871
63 0.293722 0.277125 0.00455244
64 0.322705 0.278179 0.00725768
65 0.322705 0.278404 0.00715249
66 0.322705 0.278696 0.00703284
67 0.322705 0.278696 0.00703284
68 0.322705 0.278869 0.00693544
69 0.322705 0.279266 0.00673416
70 0.322705 0.279266 0.00673416
71 0.346995 0.280507 0.0109314
72 0.346995 0.2807 0.010892
73 0.346995 0.280706 0.010887
74 0.346995 0.280918 0.0107942
75 0.346995 0.281112 0.0107463
76 0.346995 0.281448 0.010681
77 0.378857 0.283412 0.0163003
78 0.378857 0.283866 0.0162696
79 0.378857 0.284856 0.0172627
80 0.378857 0.286549 0.018649
81 0.378857 0.286684 0.0185952
82 0.378857 0.286684 0.0185952
83 0.378857 0.286697 0.0185887
84 0.378857 0.286873 0.0185527
85 0.378857 0.288586 0.019942
86 0.378857 0.289377 0.0204518
87 0.378857 0.289377 0.0204518
88 0.378857 0.29096 0.021324
89 0.378857 0.291296 0.0212458
90 0.396767 0.293264 0.0251048
91 0.396767 0.29399 0.0253004
92 0.396767 0.295686 0.0262431
93 0.396767 0.29769 0.0291287
94 0.396767 0.297838 0.0290574
95 0.396767 0.302359 0.0318752
96 0.403947 0.306178 0.0337417
97 0.403947 0.307869 0.033367
98 0.403947 0.314474 0.0353312
99 0.403947 0.317481 0.0361642
100 0.403947 0.324239 0.0356466
101 0.403947 0.328987 0.0353244
102 0.403947 0.332592 0.0341801
103 0.403947 0.336045 0.0326418
104 0.403947 0.339185 0.0311342
105 0.403947 0.340082 0.0304204
106 0.403947 0.343715 0.0290973
107 0.403947 0.343715 0.0290973
108 0.403947 0.348469 0.0283562
109 0.405357 0.351177 0.0284107
110 0.405357 0.355128 0.0269913
111 0.465591 0.359728 0.0295475
112 0.465591 0.363149 0.0289704
113 0.465591 0.366106 0.0282161
114 0.465591 0.366169 0.0281246
115 0.465591 0.368576 0.0278026
116 0.465591 0.371762 0.0265892
117 0.465591 0.372412 0.0260493
118 0.465591 0.372493 0.0259343
119 0.465591 0.3727 0.0256705
120 0.465591 0.375452 0.0239425
121 0.465591 0.377033 0.0231431
122 0.465591 0.378564 0.0218695
123 0.465591 0.381205 0.0226876
124 0.465591 0.382152 0.0223771
125 0.465591 0.383689 0.0207761
126 0.465591 0.384966 0.0197048
127 0.465591 0.384966 0.0197048
128 0.465591 0.385299 0.0193457
129 0.465591 0.385347 0.0192933
130 0.465591 0.386858 0.0191296
131 0.465591 0.387611 0.0191424
132 0.465591 0.389038 0.0188896
133 0.465591 0.389492 0.0186833
134 0.465591 0.391616 0.0181531
135 0.465591 0.391616 0.0181531
136 0.465591 0.392834 0.0181186
137 0.465591 0.392834 0.0181186
138 0.465591 0.393195 0.0179118
139 0.465591 0.393195 0.0179118
140 0.465591 0.393515 0.017724
141 0.465591 0.394135 0.0176667
142 0.465591 0.394359 0.0174933
143 0.465591 0.395269 0.0175311
144 0.465591 0.395869 0.0172299
145 0.465591 0.396245 0.0170236
146 0.465591 0.397039 0.0171766
147 0.465591 0.397328 0.0169682
148 0.465591 0.397328 0.0169682
149 0.465591 0.399105 0.0176487
150 0.465591 0.399397 0.0174606
151 0.465591 0.400826 0.0191912
152 0.465591 0.402222 0.0186341
153 0.465591 0.402222 0.0186341
154 0.465591 0.402737 0.0183722
155 0.465591 0.403232 0.0181838
156 0.465591 0.403531 0.0178912
157 0.465591 0.403531 0.0178912
158 0.465591 0.404427 0.018125
159 0.465591 0.404516 0.0180275
160 0.465591 0.404516 0.0180275
161 0.465591 0.404516 0.0180275
162 0.465591 0.404516 0.0180275
163 0.465591 0.405426 0.0178691
164 0.465591 0.405426 0.0178691
165 0.465591 0.405426 0.0178691
166 0.465591 0.405676 0.0176209
167 0.465591 0.405807 0.0174908
168 0.465591 0.406566 0.0171871
169 0.465591 0.407615 0.0171431
170 0.465591 0.407615 0.0171431
171 0.465591 0.407615 0.0171431
172 0.465591 0.408538 0.0167594
173 0.465591 0.408538 0.0167594
174 0.465591 0.409154 0.0164466
175 0.465591 0.409994 0.016028
176 0.465591 0.409994 0.016028
177 0.496851 0.411733 0.0193519
178 0.496851 0.411733 0.0193519
179 0.496851 0.411733 0.0193519
180 0.496851 0.412132 0.019208
181 0.496851 0.412132 0.019208
182 0.496851 0.413558 0.0206132
183 0.496851 0.414915 0.0205969
184 0.496851 0.414915 0.0205969
185 0.496851 0.414915 0.0205969
186 0.496851 0.414981 0.0205371
187 0.496851 0.415055 0.0204721
188 0.496851 0.415055 0.0204721
189 0.496851 0.415055 0.0204721
190 0.496851 0.415283 0.0203217
191 0.496851 0.416366 0.0209358
192 0.496851 0.416841 0.0208049
193 0.496851 0.416841 0.0208049
194 0.496851 0.416841 0.0208049
195 0.496851 0.416841 0.0208049
196 0.496851 0.416847 0.0207997
197 0.496851 0.418221 0.0215184
198 0.496851 0.418523 0.0213456
199 0.496851 0.419006 0.0211816
200 0.496851 0.41936 0.0209361
201 0.506165 0.422303 0.0239915
202 0.506165 0.423742 0.0239152
203 0.506165 0.425606 0.0243665
204 0.506165 0.425606 0.0243665
205 0.506165 0.426349 0.0240464
206 0.506165 0.426417 0.0239853
207 0.506165 0.426417 0.0239853
208 0.506165 0.426941 0.0238142
209 0.506165 0.427652 0.0237379
210 0.506165 0.427652 0.0237379
211 0.506165 0.427652 0.0237379
212 0.506165 0.428554 0.0235509
213 0.506165 0.428649 0.023467
214 0.563739 0.431476 0.0288312
215 0.563739 0.431895 0.0285816
216 0.563739 0.431895 0.0285816
217 0.563739 0.432039 0.0284764
218 0.563739 0.432039 0.0284764
219 0.563739 0.43297 0.0280433
220 0.563739 0.43297 0.0280433
221 0.563739 0.43297 0.0280433
222 0.563739 0.43297 0.0280433
223 0.563739 0.43297 0.0280433
224 0.563739 0.43297 0.0280433
225 0.563739 0.43297 0.0280433
226 0.563739 0.43297 0.0280433
227 0.563739 0.43297 0.0280433
228 0.563739 0.43297 0.0280433
229 0.563739 0.43297 0.0280433
230 0.563739 0.43297 0.0280433
231 0.563739 0.434113 0.0284122
232 0.563739 0.434113 0.0284122
233 0.563739 0.434113 0.0284122
234 0.563739 0.434113 0.0284122
235 0.563739 0.434845 0.0283093
236 0.563739 0.434845 0.0283093
237 0.563739 0.434845 0.0283093
238 0.563739 0.434845 0.0283093
239 0.563739 0.434845 0.0283093
240 0.563739 0.434845 0.0283093
241 0.563739 0.434845 0.0283093
242 0.563739 0.434845 0.0283093
243 0.563739 0.434845 0.0283093
244 0.563739 0.434845 0.0283093
245 0.563739 0.435269 0.0281075
246 0.563739 0.436626 0.0288199
247 0.563739 0.436626 0.0288199
248 0.563739 0.436626 0.0288199
249 0.563739 0.436626 0.0288199
250 0.563739 0.437095 0.0285914
251 0.563739 0.437095 0.0285914
252 0.563739 0.437095 0.0285914
253 0.563739 0.437095 0.0285914
254 0.563739 0.437098 0.0285887
255 0.563739 0.437098 0.0285887
256 0.563739 0.437098 0.0285887
257 0.563739 0.437583 0.0283844
258 0.563739 0.437583 0.0283844
259 0.563739 0.437583 0.0283844
260 0.563739 0.438299 0.0279687
261 0.563739 0.438532 0.0277974
262 0.563739 0.438532 0.0277974
263 0.563739 0.438532 0.0277974
264 0.563739 0.438532 0.0277974
265 0.563739 0.438532 0.0277974
266 0.563739 0.438532 0.0277974
267 0.563739 0.438532 0.0277974
268 0.563739 0.438532 0.0277974
269 0.563739 0.438532 0.0277974
270 0.563739 0.438532 0.0277974
271 0.563739 0.438532 0.0277974
272 0.563739 0.438532 0.0277974
273 0.563739 0.438532 0.0277974
274 0.563739 0.438532 0.0277974
275 0.563739 0.438532 0.0277974
276 0.563739 0.438532 0.0277974
277 0.563739 0.438532 0.0277974
278 0.563739 0.438532 0.0277974
279 0.563739 0.438532 0.0277974
280 0.563739 0.438532 0.0277974
281 0.563739 0.438532 0.0277974
282 0.563739 0.438532 0.0277974
283 0.563739 0.438532 0.0277974
284 0.563739 0.438532 0.0277974
285 0.563739 0.438532 0.0277974
286 0.563739 0.438532 0.0277974
287 0.563739 0.438532 0.0277974
288 0.563739 0.438532 0.0277974
289 0.563739 0.438532 0.0277974
290 0.563739 0.438532 0.0277974
291 0.563739 0.438532 0.0277974
292 0.563739 0.438532 0.0277974
293 0.563739 0.438532 0.0277974
294 0.563739 0.438532 0.0277974
295 0.563739 0.438532 0.0277974
296 0.563739 0.438532 0.0277974
297 0.563739 0.438532 0.0277974
298 0.563739 0.438532 0.0277974
299 0.563739 0.438532 0.0277974
300 0.563739 0.438532 0.0277974
