1 0.242146 0.137274 0.0642593
2 0.339592 0.192642 0.0322828
3 0.339592 0.20473 0.0269089
4 0.339592 0.211765 0.0279128
5 0.339592 0.222491 0.0300832
6 0.339592 0.22661 0.0286344
7 0.341955 0.233012 0.0306788
8 0.437175 0.240814 0.0390086
9 0.437175 0.245128 0.0387073
10 0.437175 0.247239 0.0396462
11 0.437175 0.249048 0.0391268
12 0.437175 0.250499 0.039069
13 0.437175 0.252322 0.0387115
14 0.437175 0.253292 0.0383363
15 0.437175 0.255187 0.0377574
16 0.437175 0.257008 0.0374108
17 0.437175 0.258558 0.0367073
18 0.437175 0.259471 0.0363044
19 0.437175 0.261134 0.0358444
20 0.437175 0.261767 0.0355931
21 0.437175 0.263633 0.0349628
22 0.437175 0.26653 0.0384919
23 0.437175 0.267864 0.0386711
24 0.437175 0.273079 0.0404149
25 0.437175 0.274338 0.0396165
26 0.437175 0.275032 0.0394052
27 0.437175 0.276954 0.0390763
28 0.437175 0.280156 0.0409036
29 0.437175 0.282197 0.0405688
30 0.437175 0.283499 0.0400131
31 0.437175 0.284977 0.0397088
32 0.437175 0.286997 0.0388317
33 0.437175 0.288337 0.0381649
34 0.437175 0.28852 0.0380082
35 0.437175 0.29146 0.037724
36 0.437175 0.292588 0.0375546
37 0.437175 0.293465 0.0370041
38 0.437175 0.294301 0.0366685
39 0.437175 0.294301 0.0366685
40 0.437175 0.296379 0.0365333
41 0.437175 0.297918 0.0357946
42 0.437175 0.300294 0.0358683
43 0.437175 0.300294 0.0358683
44 0.437175 0.301729 0.0348585
45 0.437175 0.302473 0.0344861
46 0.437175 0.303698 0.0335811
47 0.437175 0.303698 0.0335811
48 0.437175 0.303698 0.0335811
49 0.437175 0.303698 0.0335811
50 0.437175 0.304014 0.0333156
51 0.437175 0.304327 0.0330133
52 0.437175 0.304626 0.0327572
53 0.437175 0.305442 0.0321638
54 0.437175 0.305442 0.0321638
55 0.437175 0.306813 0.0311165
56 0.437175 0.307742 0.0310688
57 0.437175 0.307742 0.0310688
58 0.483635 0.311694 0.0379338
59 0.483635 0.312027 0.0377441
60 0.483635 0.314471 0.03887
61 0.483635 0.314471 0.03887
62 0.483635 0.316183 0.038448
63 0.483635 0.316806 0.0382427
64 0.483635 0.317916 0.0382082
65 0.483635 0.318036 0.0381176
66 0.483635 0.318233 0.0379761
67 0.483635 0.31969 0.0372192
68 0.483635 0.31969 0.0372192
69 0.483635 0.320643 0.0368367
70 0.483635 0.323293 0.0399205
71 0.483635 0.323293 0.0399205
72 0.483635 0.323395 0.0398419
73 0.483635 0.324488 0.0398089
74 0.483635 0.324836 0.0396003
75 0.483635 0.324899 0.0395489
76 0.483635 0.325818 0.039105
77 0.483635 0.325941 0.039012
78 0.483635 0.326817 0.0388694
79 0.483635 0.327097 0.0386956
80 0.483635 0.327097 0.0386956
81 0.483635 0.327511 0.0384837
82 0.483635 0.327538 0.0384618
83 0.483635 0.328566 0.0380427
84 0.483635 0.328566 0.0380427
85 0.483635 0.328566 0.0380427
86 0.483635 0.32938 0.0378712
87 0.483635 0.329911 0.0376387
88 0.483635 0.329911 0.0376387
89 0.483635 0.329911 0.0376387
90 0.483635 0.330988 0.0372001
91 0.483635 0.332021 0.0371438
92 0.483635 0.332021 0.0371438
93 0.483635 0.332184 0.0370212
94 0.483635 0.333551 0.0372032
95 0.483635 0.333727 0.0370694
96 0.483635 0.333727 0.0370694
97 0.483635 0.335888 0.0381239
98 0.483635 0.336844 0.037949
99 0.483635 0.337389 0.0375722
100 0.483635 0.337389 0.0375722
101 0.483635 0.337389 0.0375722
102 0.483635 0.337389 0.0375722
103 0.483635 0.338602 0.0371308
104 0.483635 0.338602 0.0371308
105 0.483635 0.338602 0.0371308
106 0.483635 0.338602 0.0371308
107 0.483635 0.339004 0.0368856
108 0.483635 0.339004 0.0368856
109 0.483635 0.339004 0.0368856
110 0.483635 0.339558 0.0366068
111 0.483635 0.339558 0.0366068
112 0.483635 0.339558 0.0366068
113 0.483635 0.339558 0.0366068
114 0.483635 0.339558 0.0366068
115 0.483635 0.339558 0.0366068
116 0.483635 0.341735 0.0383888
117 0.483635 0.341735 0.0383888
118 0.483635 0.341735 0.0383888
119 0.483635 0.341735 0.0383888
120 0.483635 0.341735 0.0383888
121 0.483635 0.341735 0.0383888
122 0.483635 0.341907 0.0382558
123 0.483635 0.34209 0.0381143
124 0.483635 0.34209 0.0381143
125 0.483635 0.34209 0.0381143
126 0.483635 0.345158 0.0389839
127 0.483635 0.345158 0.0389839
128 0.483635 0.346097 0.0387781
129 0.483635 0.346097 0.0387781
130 0.483635 0.346169 0.0387134
131 0.483635 0.346169 0.0387134
132 0.483635 0.346169 0.0387134
133 0.483635 0.346169 0.0387134
134 0.483635 0.346169 0.0387134
135 0.483635 0.346502 0.0384933
136 0.483635 0.348312 0.0393257
137 0.483635 0.348312 0.0393257
138 0.483635 0.348312 0.0393257
139 0.483635 0.348312 0.0393257
140 0.483635 0.348312 0.0393257
141 0.483635 0.348312 0.0393257
142 0.483635 0.348312 0.0393257
143 0.483635 0.348312 0.0393257
144 0.483635 0.348741 0.0390583
145 0.483635 0.348741 0.0390583
146 0.483635 0.348741 0.0390583
147 0.483635 0.348741 0.0390583
148 0.483635 0.348741 0.0390583
149 0.483635 0.348878 0.0389405
150 0.483635 0.348878 0.0389405
151 0.483635 0.348878 0.0389405
152 0.483635 0.348878 0.0389405
153 0.483635 0.348878 0.0389405
154 0.483635 0.348878 0.0389405
155 0.483635 0.351045 0.0403981
156 0.483635 0.351215 0.0402548
157 0.483635 0.351215 0.0402548
158 0.483635 0.351342 0.0401426
159 0.483635 0.351342 0.0401426
160 0.483635 0.351342 0.0401426
161 0.483635 0.352155 0.0398383
162 0.483635 0.352155 0.0398383
163 0.483635 0.352204 0.0397916
164 0.483635 0.352204 0.0397916
165 0.483635 0.352204 0.0397916
166 0.483635 0.352204 0.0397916
167 0.583661 0.359082 0.0506926
168 0.583661 0.359082 0.0506926
169 0.583661 0.360353 0.0505386
170 0.583661 0.360353 0.0505386
171 0.583661 0.360353 0.0505386
172 0.583661 0.360353 0.0505386
173 0.583661 0.360353 0.0505386
174 0.583661 0.360499 0.0504224
175 0.583661 0.360499 0.0504224
176 0.583661 0.360499 0.0504224
177 0.583661 0.362198 0.0506308
178 0.583661 0.362198 0.0506308
179 0.583661 0.362366 0.0504979
180 0.583661 0.362366 0.0504979
181 0.583661 0.363278 0.0501822
182 0.583661 0.363278 0.0501822
183 0.583661 0.363278 0.0501822
184 0.583661 0.363278 0.0501822
185 0.583661 0.363278 0.0501822
186 0.583661 0.363278 0.0501822
187 0.583661 0.365804 0.051668
188 0.583661 0.365804 0.051668
189 0.583661 0.365841 0.0516362
190 0.583661 0.365841 0.0516362
191 0.583661 0.368567 0.0532472
192 0.583661 0.368567 0.0532472
193 0.583661 0.368567 0.0532472
194 0.583661 0.368567 0.0532472
195 0.583661 0.368567 0.0532472
196 0.583661 0.368907 0.0530007
197 0.583661 0.368907 0.0530007
198 0.583661 0.368907 0.0530007
199 0.583661 0.368907 0.0530007
200 0.583661 0.368907 0.0530007
201 0.583661 0.368907 0.0530007
202 0.583661 0.368907 0.0530007
203 0.583661 0.368907 0.0530007
204 0.583661 0.368907 0.0530007
205 0.583661 0.368907 0.0530007
206 0.583661 0.368907 0.0530007
207 0.583661 0.368907 0.0530007
208 0.583661 0.368907 0.0530007
209 0.583661 0.369176 0.0527929
210 0.583661 0.369176 0.0527929
211 0.583661 0.369176 0.0527929
212 0.583661 0.369176 0.0527929
213 0.583661 0.369176 0.0527929
214 0.583661 0.369176 0.0527929
215 0.583661 0.369176 0.0527929
216 0.583661 0.369176 0.0527929
217 0.583661 0.369262 0.0527183
218 0.583661 0.369404 0.0526012
219 0.583661 0.36959 0.052452
220 0.583661 0.370067 0.0521469
221 0.583661 0.370067 0.0521469
222 0.583661 0.370067 0.0521469
223 0.583661 0.370067 0.0521469
224 0.583661 0.370067 0.0521469
225 0.583661 0.371888 0.0523614
226 0.583661 0.371888 0.0523614
227 0.583661 0.371991 0.0522709
228 0.583661 0.373404 0.0521046
229 0.583661 0.373404 0.0521046
230 0.583661 0.373829 0.05181
231 0.583661 0.373829 0.05181
232 0.583661 0.373829 0.05181
233 0.583661 0.375171 0.0515696
234 0.583661 0.375171 0.0515696
235 0.583661 0.375443 0.0513289
236 0.583661 0.376379 0.050949
237 0.583661 0.376379 0.050949
238 0.583661 0.376379 0.050949
239 0.583661 0.376379 0.050949
240 0.583661 0.37684 0.0506272
241 0.583661 0.37684 0.0506272
242 0.583661 0.37684 0.0506272
243 0.583661 0.37684 0.0506272
244 0.583661 0.37684 0.0506272
245 0.583661 0.37684 0.0506272
246 0.583661 0.37684 0.0506272
247 0.583661 0.37684 0.0506272
248 0.583661 0.37684 0.0506272
249 0.583661 0.37684 0.0506272
250 0.583661 0.37684 0.0506272
251 0.583661 0.378443 0.0505869
252 0.583661 0.378443 0.0505869
253 0.583661 0.378443 0.0505869
254 0.583661 0.378443 0.0505869
255 0.583661 0.378443 0.0505869
256 0.583661 0.378443 0.0505869
257 0.583661 0.378756 0.0503374
258 0.583661 0.380492 0.0503923
259 0.583661 0.380492 0.0503923
260 0.583661 0.380492 0.0503923
261 0.583661 0.381064 0.0500029
262 0.583661 0.381064 0.0500029
263 0.583661 0.381602 0.0496245
264 0.583661 0.381602 0.0496245
265 0.583661 0.381602 0.0496245
266 0.583661 0.382457 0.0491818
267 0.583661 0.382457 0.0491818
268 0.583661 0.384336 0.0493605
269 0.583661 0.384336 0.0493605
270 0.583661 0.384336 0.0493605
271 0.583661 0.384336 0.0493605
272 0.583661 0.384336 0.0493605
273 0.583661 0.384336 0.0493605
274 0.583661 0.384336 0.0493605
275 0.583661 0.384727 0.0490425
276 0.583661 0.384727 0.0490425
277 0.583661 0.386101 0.0487437
278 0.583661 0.386101 0.0487437
279 0.583661 0.386101 0.0487437
280 0.583661 0.386101 0.0487437
281 0.583661 0.386101 0.0487437
282 0.583661 0.386101 0.0487437
283 0.583661 0.386101 0.0487437
284 0.583661 0.386101 0.0487437
285 0.583661 0.386101 0.0487437
286 0.583661 0.386101 0.0487437
287 0.583661 0.386554 0.048389
288 0.583661 0.386554 0.048389
289 0.583661 0.386554 0.048389
290 0.583661 0.386554 0.048389
291 0.583661 0.386554 0.048389
292 0.583661 0.386554 0.048389
293 0.583661 0.386554 0.048389
294 0.583661 0.386653 0.0482889
295 0.583661 0.38667 0.0482709
296 0.583661 0.38667 0.0482709
297 0.583661 0.38667 0.0482709
298 0.583661 0.38667 0.0482709
299 0.583661 0.38667 0.0482709
300 0.583661 0.38667 0.0482709
