1 0.00664792 0.000807617 0.00127469
2 0.131037 0.0652712 0.027884
3 0.258678 0.124543 0.0395468
4 0.258678 0.154383 0.0331869
5 0.35585 0.200615 0.0579899
6 0.437133 0.269654 0.0685009
7 0.54724 0.334374 0.0674272
8 0.589007 0.401703 0.0617803
9 0.602897 0.452136 0.0714766
10 0.602897 0.493123 0.064136
11 0.717148 0.547504 0.066651
12 0.733889 0.582858 0.0694338
13 0.826447 0.612282 0.0761849
14 0.826447 0.647959 0.0683957
15 0.826447 0.678491 0.0577572
16 0.832225 0.726083 0.047733
17 0.891982 0.760437 0.0554565
18 0.891982 0.775027 0.0467051
19 0.891982 0.791753 0.0430957
20 0.891982 0.801561 0.0376478
21 0.945566 0.808961 0.0460961
22 0.945566 0.817896 0.0459843
23 0.945566 0.827162 0.0429178
24 0.945566 0.82773 0.0423171
25 0.945566 0.839406 0.0420963
26 0.945566 0.842178 0.0392335
27 0.945566 0.845612 0.0374435
28 0.945566 0.849633 0.0349667
29 0.945566 0.853443 0.0345158
30 0.945566 0.855572 0.0331913
31 0.945566 0.856177 0.0324362
32 0.945566 0.856274 0.0323111
33 0.945566 0.862816 0.030063
34 0.945566 0.865142 0.0290643
35 0.945566 0.86976 0.0254596
36 0.945566 0.86976 0.0254596
37 0.945566 0.86976 0.0254596
38 0.964348 0.875045 0.0303609
39 0.964348 0.882465 0.0319481
40 0.964348 0.887331 0.0346183
41 0.964348 0.887687 0.0342444
42 0.964348 0.887687 0.0342444
43 0.964348 0.887687 0.0342444
44 0.964348 0.887687 0.0342444
45 0.964348 0.887687 0.0342444
46 0.964348 0.89051 0.0344076
47 0.964348 0.894093 0.0353403
48 0.964348 0.894093 0.0353403
49 0.964348 0.896409 0.0347303
50 0.978775 0.901183 0.0374167
51 0.978775 0.902154 0.0366444
52 0.978775 0.9042 0.0356713
53 0.978775 0.9042 0.0356713
54 0.978775 0.9042 0.0356713
55 0.978775 0.905818 0.0345792
56 0.978775 0.905818 0.0345792
57 0.978775 0.905818 0.0345792
58 0.978775 0.909372 0.0345807
59 0.978775 0.909372 0.0345807
60 0.984625 0.91417 0.0363238
61 0.984625 0.916949 0.0347066
62 0.984625 0.916949 0.0347066
63 0.984625 0.917041 0.0345907
64 0.984625 0.91746 0.0341362
65 0.984625 0.922341 0.0332297
66 0.986539 0.926428 0.0345636
67 0.986539 0.930663 0.034299
68 0.986539 0.930663 0.034299
69 0.986539 0.933584 0.0336624
70 0.986539 0.933584 0.0336624
71 0.986539 0.933584 0.0336624
72 0.986539 0.933584 0.0336624
73 0.986539 0.933584 0.0336624
74 0.986539 0.933584 0.0336624
75 0.986539 0.933584 0.0336624
76 0.986539 0.933772 0.033426
77 0.986539 0.935509 0.0323193
78 0.986539 0.940187 0.0308113
79 0.986539 0.940187 0.0308113
80 0.986539 0.940821 0.0300227
81 0.986539 0.940821 0.0300227
82 0.986539 0.942248 0.0286305
83 0.986539 0.942248 0.0286305
84 0.986539 0.943915 0.027193
85 0.986539 0.943915 0.027193
86 0.986539 0.944034 0.0270034
87 0.986539 0.945834 0.0248955
88 0.986539 0.94636 0.0241273
89 0.986539 0.94636 0.0241273
90 0.986539 0.94636 0.0241273
91 0.986539 0.94636 0.0241273
92 0.986539 0.94636 0.0241273
93 0.986539 0.94636 0.0241273
94 0.986539 0.94636 0.0241273
95 0.986539 0.94636 0.0241273
96 0.986539 0.946396 0.0240753
97 0.986539 0.946396 0.0240753
98 0.986539 0.946396 0.0240753
99 0.986539 0.946396 0.0240753
100 0.986539 0.946691 0.0236879
101 0.986539 0.948555 0.0226608
102 0.986539 0.948555 0.0226608
103 0.993695 0.951823 0.0230629
104 0.993695 0.952258 0.0224965
105 0.993695 0.952258 0.0224965
106 0.993695 0.952258 0.0224965
107 0.993695 0.952258 0.0224965
108 0.993695 0.952258 0.0224965
109 0.993695 0.952258 0.0224965
110 0.993695 0.952258 0.0224965
111 0.993695 0.952258 0.0224965
112 0.993695 0.952384 0.0223177
113 0.993695 0.952384 0.0223177
114 0.993695 0.952384 0.0223177
115 0.993695 0.952917 0.021674
116 0.993695 0.952917 0.021674
117 0.993695 0.952917 0.021674
118 0.993695 0.952917 0.021674
119 0.993695 0.952917 0.021674
120 0.993695 0.953224 0.0212852
121 0.993695 0.954004 0.0205345
122 0.993695 0.954004 0.0205345
123 0.993695 0.954004 0.0205345
124 0.993695 0.954004 0.0205345
125 0.993695 0.954004 0.0205345
126 0.993695 0.954004 0.0205345
127 0.993695 0.954004 0.0205345
128 0.993695 0.954004 0.0205345
129 0.993695 0.954978 0.0195433
130 0.993695 0.954978 0.0195433
131 0.993695 0.954978 0.0195433
132 1.03687 0.961769 0.0247777
133 1.03687 0.961769 0.0247777
134 1.03687 0.96488 0.023212
135 1.03687 0.965413 0.0226132
136 1.03687 0.966488 0.0217849
137 1.03687 0.966488 0.0217849
138 1.03687 0.966793 0.0214609
139 1.20724 0.978288 0.0508529
140 1.20724 0.984406 0.0551841
141 1.20724 0.986046 0.0546118
142 1.20724 1.00316 0.0614891
143 1.20724 1.0204 0.0658457
144 1.20724 1.04098 0.0611345
145 1.26458 1.0684 0.0664455
146 1.26458 1.08163 0.061274
147 1.26458 1.09925 0.0535629
148 1.26458 1.10879 0.052927
149 1.26458 1.11153 0.0506348
150 1.26458 1.1119 0.0502752
151 1.26458 1.11936 0.0547929
152 1.26458 1.14197 0.0614702
153 1.26458 1.14197 0.0614702
154 1.26458 1.14329 0.0604982
155 1.26458 1.14483 0.0594674
156 1.26458 1.14489 0.0594014
157 1.26458 1.14506 0.0592437
158 1.26458 1.14506 0.0592437
159 1.26458 1.14919 0.057018
160 1.26458 1.15294 0.0550089
161 1.26458 1.15711 0.0525346
162 1.26458 1.15711 0.0525346
163 1.26458 1.15957 0.0510923
164 1.26458 1.16412 0.0494467
165 1.26458 1.16807 0.045937
166 1.2692 1.17424 0.0486685
167 1.2692 1.17752 0.0473008
168 1.27144 1.1836 0.0491817
169 1.32079 1.19416 0.0519503
170 1.52676 1.21772 0.0805846
171 1.52676 1.22782 0.0802809
172 1.52676 1.23665 0.0773292
173 1.52676 1.2412 0.0761442
174 1.52676 1.27675 0.0927705
175 1.52676 1.27985 0.0906498
176 1.52676 1.27985 0.0906498
177 1.52676 1.29936 0.0947798
178 1.52676 1.30936 0.0916666
179 1.52676 1.319 0.0922439
180 1.52676 1.33035 0.0952116
181 1.52676 1.34718 0.0907825
182 1.52676 1.34718 0.0907825
183 1.52676 1.3492 0.0887527
184 1.52676 1.3492 0.0887527
185 1.52676 1.35947 0.0908834
186 1.52676 1.35947 0.0908834
187 1.52676 1.35947 0.0908834
188 1.67017 1.38594 0.103507
189 1.67017 1.38594 0.103507
190 1.67017 1.39236 0.100742
191 1.67017 1.39236 0.100742
192 1.67017 1.40144 0.0996593
193 1.67017 1.40144 0.0996593
194 1.67017 1.40295 0.0979634
195 1.67017 1.40992 0.0947394
196 1.67017 1.40992 0.0947394
197 1.67017 1.42831 0.0903879
198 1.67017 1.42864 0.0898858
199 1.67017 1.44941 0.0896821
200 1.6868 1.46455 0.096304
201 1.6868 1.46455 0.096304
202 1.6868 1.47347 0.0928436
203 1.6868 1.4755 0.090026
204 1.6868 1.47921 0.0858344
205 1.6868 1.4817 0.0824067
206 1.6868 1.50152 0.0850897
207 1.6868 1.50152 0.0850897
208 1.6868 1.50152 0.0850897
209 1.6868 1.50422 0.082712
210 1.6868 1.50422 0.082712
211 1.6868 1.50422 0.082712
212 1.6868 1.51195 0.0811971
213 1.71228 1.52771 0.0848907
214 1.71228 1.5294 0.0832349
215 1.71228 1.5294 0.0832349
216 1.71228 1.5294 0.0832349
217 1.71228 1.5348 0.0815361
218 1.71228 1.53907 0.0792316
219 1.71228 1.54289 0.0768312
220 1.71228 1.54289 0.0768312
221 1.71228 1.54289 0.0768312
222 1.71228 1.54289 0.0768312
223 1.71228 1.54289 0.0768312
224 1.71228 1.54445 0.0752861
225 1.71228 1.54445 0.0752861
226 1.71228 1.54445 0.0752861
227 1.71228 1.54445 0.0752861
228 1.71228 1.54445 0.0752861
229 1.71228 1.56005 0.0750431
230 1.71228 1.56005 0.0750431
231 1.71228 1.56091 0.0740408
232 1.71228 1.56163 0.0732092
233 1.71228 1.56163 0.0732092
234 1.71228 1.56163 0.0732092
235 1.71228 1.56163 0.0732092
236 1.71228 1.56163 0.0732092
237 1.71228 1.56163 0.0732092
238 1.71228 1.56163 0.0732092
239 1.71228 1.56163 0.0732092
240 1.71228 1.57192 0.0712485
241 1.71228 1.57404 0.0693762
242 1.71228 1.57404 0.0693762
243 1.71228 1.57404 0.0693762
244 1.71228 1.57404 0.0693762
245 1.71228 1.57404 0.0693762
246 1.71228 1.57404 0.0693762
247 1.71228 1.57404 0.0693762
248 1.71228 1.57404 0.0693762
249 1.71228 1.57748 0.0669969
250 1.71228 1.58258 0.0648041
