1 0.638481 0.148236 0.148956
2 0.638481 0.294431 0.0925562
3 0.638481 0.336363 0.081056
4 0.638481 0.38375 0.0795413
5 0.638481 0.409902 0.0745529
6 0.638481 0.416626 0.0685612
7 0.638481 0.433712 0.0651406
8 0.638481 0.450314 0.066487
9 0.638481 0.461611 0.0609391
10 0.638481 0.468062 0.0622257
11 0.647376 0.482106 0.0671988
12 0.647376 0.482309 0.066989
13 0.647376 0.486665 0.0658212
14 0.647376 0.49052 0.0630405
15 0.647376 0.498928 0.057695
16 0.647376 0.498928 0.057695
17 0.647376 0.5037 0.055691
18 0.647376 0.504099 0.0553073
19 0.647376 0.505145 0.0545079
20 0.647376 0.509733 0.0524732
21 0.647376 0.510508 0.051816
22 0.647376 0.511751 0.0508926
23 0.647376 0.512907 0.0500316
24 0.647376 0.512907 0.0500316
25 0.647376 0.513083 0.0498577
26 0.647376 0.513083 0.0498577
27 0.647376 0.513996 0.0491727
28 0.647376 0.516423 0.0476613
29 0.647376 0.516423 0.0476613
30 0.647376 0.521045 0.045436
31 0.647376 0.523419 0.044649
32 0.647376 0.523419 0.044649
33 0.647376 0.526814 0.0448067
34 0.647376 0.532643 0.0443704
35 0.647376 0.536992 0.0450563
36 0.647376 0.540759 0.0425225
37 0.647376 0.543497 0.0404727
38 0.647376 0.554816 0.03812
39 0.647376 0.554816 0.03812
40 0.647376 0.554816 0.03812
41 0.647376 0.561219 0.0343368
42 0.647376 0.564858 0.0317446
43 0.647376 0.566324 0.0305911
44 0.647376 0.568435 0.0286823
45 0.647376 0.569237 0.0279942
46 0.647376 0.569237 0.0279942
47 0.647376 0.569237 0.0279942
48 0.647376 0.571371 0.0274272
49 0.647376 0.571798 0.0269644
50 0.647376 0.571798 0.0269644
51 0.647376 0.573281 0.0261566
52 0.647376 0.573281 0.0261566
53 0.647376 0.575696 0.0257258
54 0.647376 0.575696 0.0257258
55 0.647376 0.575696 0.0257258
56 0.647376 0.57685 0.0247328
57 0.736325 0.584271 0.0393288
58 0.736325 0.584271 0.0393288
59 0.736325 0.584271 0.0393288
60 0.736325 0.584271 0.0393288
61 0.736325 0.584271 0.0393288
62 0.736325 0.584271 0.0393288
63 0.736325 0.585587 0.0387455
64 0.736325 0.585587 0.0387455
65 0.736325 0.585587 0.0387455
66 0.736325 0.585587 0.0387455
67 0.736325 0.586474 0.0382757
68 0.736325 0.586474 0.0382757
69 0.736325 0.587548 0.0377624
70 0.736325 0.587548 0.0377624
71 0.736325 0.591084 0.0387736
72 0.736325 0.591084 0.0387736
73 0.736325 0.592917 0.0381774
74 0.736325 0.592917 0.0381774
75 0.736325 0.597477 0.0404113
76 0.736325 0.597477 0.0404113
77 0.736325 0.597477 0.0404113
78 0.736325 0.600579 0.0403431
79 0.736325 0.600579 0.0403431
80 0.736325 0.600579 0.0403431
81 0.736325 0.606356 0.0390699
82 0.736325 0.606356 0.0390699
83 0.736325 0.607122 0.0384912
84 0.736325 0.608316 0.0377556
85 0.736325 0.608316 0.0377556
86 0.736325 0.608469 0.0376055
87 0.736325 0.611928 0.0382002
88 0.736325 0.616584 0.0406282
89 0.736325 0.616976 0.0402872
90 0.736325 0.618694 0.0394589
91 0.736325 0.618694 0.0394589
92 0.736325 0.620965 0.0388195
93 0.736325 0.620965 0.0388195
94 0.736325 0.626625 0.0428546
95 0.736325 0.626625 0.0428546
96 0.736325 0.626625 0.0428546
97 0.736325 0.626625 0.0428546
98 0.736325 0.626625 0.0428546
99 0.736325 0.626625 0.0428546
100 0.736325 0.626625 0.0428546
101 0.736325 0.626625 0.0428546
102 0.736325 0.62873 0.0419058
103 0.736325 0.628822 0.0418058
104 0.736325 0.633922 0.0437665
105 0.736325 0.633922 0.0437665
106 0.736325 0.633922 0.0437665
107 0.736325 0.633922 0.0437665
108 0.736325 0.636896 0.0415317
109 0.736325 0.637643 0.0407736
110 0.736325 0.637643 0.0407736
111 0.736325 0.637643 0.0407736
112 0.736325 0.637643 0.0407736
113 0.736325 0.637643 0.0407736
114 0.736325 0.637643 0.0407736
115 0.736325 0.637643 0.0407736
116 0.736325 0.637643 0.0407736
117 0.736325 0.637985 0.0404503
118 0.736325 0.637985 0.0404503
119 0.736325 0.637985 0.0404503
120 0.736325 0.637985 0.0404503
121 0.736325 0.639739 0.0395422
122 0.736325 0.639739 0.0395422
123 0.736325 0.639739 0.0395422
124 0.736325 0.639739 0.0395422
125 0.736325 0.639739 0.0395422
126 0.736325 0.642928 0.0393344
127 0.736325 0.645154 0.0383555
128 0.736325 0.645154 0.0383555
129 0.736325 0.647889 0.0374687
130 0.736325 0.653569 0.0358241
131 0.736325 0.653569 0.0358241
132 0.736325 0.653569 0.0358241
133 0.736325 0.653569 0.0358241
134 0.736325 0.657379 0.0352403
135 0.736325 0.661694 0.0349709
136 0.736325 0.661694 0.0349709
137 0.736325 0.662842 0.0334863
138 0.736325 0.662842 0.0334863
139 0.736325 0.662842 0.0334863
140 0.736325 0.662842 0.0334863
141 0.736325 0.662842 0.0334863
142 0.736325 0.662842 0.0334863
143 0.736325 0.662842 0.0334863
144 0.736325 0.662842 0.0334863
145 0.736325 0.662842 0.0334863
146 0.736325 0.662842 0.0334863
147 0.736325 0.662842 0.0334863
148 0.736325 0.662842 0.0334863
149 0.736325 0.662842 0.0334863
150 0.736325 0.662842 0.0334863
151 0.736325 0.662842 0.0334863
152 0.736325 0.662842 0.0334863
153 0.736325 0.662842 0.0334863
154 0.736325 0.662842 0.0334863
155 0.736325 0.662842 0.0334863
156 0.736325 0.665911 0.031973
157 0.736325 0.665911 0.031973
158 0.736325 0.665911 0.031973
159 0.736325 0.665911 0.031973
160 0.736325 0.665911 0.031973
161 0.736325 0.665911 0.031973
162 0.736325 0.665976 0.0318802
163 0.736325 0.665976 0.0318802
164 0.736325 0.666243 0.0315351
165 0.736325 0.666243 0.0315351
166 0.736325 0.66913 0.0312384
167 0.736325 0.66913 0.0312384
168 0.736325 0.670469 0.0303373
169 0.736325 0.670469 0.0303373
170 0.736325 0.670469 0.0303373
171 0.736325 0.670469 0.0303373
172 0.736325 0.673902 0.0307068
173 0.736325 0.677718 0.0315825
174 0.736325 0.677718 0.0315825
175 0.736325 0.677718 0.0315825
176 0.736325 0.677718 0.0315825
177 0.736325 0.677718 0.0315825
178 0.736325 0.682242 0.0309136
179 0.736325 0.682242 0.0309136
180 0.736325 0.682242 0.0309136
181 0.736325 0.682242 0.0309136
182 0.736325 0.682242 0.0309136
183 0.736325 0.682242 0.0309136
184 0.736325 0.682242 0.0309136
185 0.736325 0.682242 0.0309136
186 0.736325 0.68481 0.0298186
187 0.736325 0.68481 0.0298186
188 0.736325 0.68481 0.0298186
189 0.736325 0.68481 0.0298186
190 0.736325 0.68481 0.0298186
191 0.736325 0.68481 0.0298186
192 0.736325 0.686608 0.0283885
193 0.736325 0.686608 0.0283885
194 0.736325 0.686608 0.0283885
195 0.736325 0.686608 0.0283885
196 0.736325 0.686608 0.0283885
197 0.736325 0.686608 0.0283885
198 0.736325 0.686608 0.0283885
199 0.736325 0.686608 0.0283885
200 0.736325 0.68874 0.0271154
