1 1117.5 293.962 225.701
2 1117.5 528.21 148.021
3 1117.5 621.332 144.236
4 1117.5 661.99 130.757
5 1117.5 723.616 134.66
6 1180.35 788.429 134.472
7 1180.35 821.503 144.199
8 1180.35 821.906 143.845
9 1180.35 845.053 138.987
10 1180.35 853.917 132.932
11 1180.35 853.917 132.932
12 1180.35 874.596 132.416
13 1180.35 880.348 128.114
14 1180.35 886.306 123.986
15 1180.35 891.505 120.168
16 1180.35 902.126 117.077
17 1180.35 917.352 113.922
18 1326.7 938.321 136.796
19 1326.7 940.032 135.432
20 1326.7 963.139 124.744
21 1326.7 967.212 121.033
22 1326.7 972.222 117.236
23 1326.7 972.222 117.236
24 1326.7 987.554 114.906
25 1326.7 995.045 111.894
26 1326.7 1001.39 108.347
27 1326.7 1011.79 99.4596
28 1326.7 1018.5 93.8785
29 1326.7 1027.34 90.3207
30 1326.7 1027.34 90.3207
31 1326.7 1027.34 90.3207
32 1326.7 1035.57 92.0005
33 1326.7 1035.57 92.0005
34 1326.7 1035.57 92.0005
35 1326.7 1035.57 92.0005
36 1326.7 1035.57 92.0005
37 1326.7 1035.57 92.0005
38 1326.7 1035.57 92.0005
39 1326.7 1040.38 90.8781
40 1326.7 1040.38 90.8781
41 1326.7 1040.38 90.8781
42 1326.7 1040.38 90.8781
43 1326.7 1040.38 90.8781
44 1326.7 1043.14 89.3308
45 1326.7 1050.57 90.007
46 1326.7 1050.57 90.007
47 1326.7 1050.57 90.007
48 1326.7 1050.57 90.007
49 1326.7 1057.1 89.2968
50 1326.7 1057.1 89.2968
51 1326.7 1059.27 87.6278
52 1326.7 1067.28 87.7443
53 1326.7 1068.44 86.5714
54 1326.7 1077.55 87.4487
55 1326.7 1077.55 87.4487
56 1326.7 1077.55 87.4487
57 1326.7 1077.55 87.4487
58 1326.7 1085.78 85.8498
59 1326.7 1085.78 85.8498
60 1326.7 1085.78 85.8498
61 1326.7 1092.24 81.0227
62 1326.7 1092.24 81.0227
63 1326.7 1092.24 81.0227
64 1326.7 1102.82 76.2947
65 1326.7 1102.82 76.2947
66 1326.7 1102.82 76.2947
67 1326.7 1102.82 76.2947
68 1355.58 1126.95 90.5615
69 1355.58 1129.5 87.8422
70 1355.58 1129.5 87.8422
71 1355.58 1129.5 87.8422
72 1355.58 1129.5 87.8422
73 1355.58 1130.04 87.2409
74 1355.58 1130.04 87.2409
75 1355.58 1133.62 84.1312
76 1355.58 1133.62 84.1312
77 1355.58 1135.39 82.5295
78 1355.58 1137.58 80.2849
79 1355.58 1137.58 80.2849
80 1355.58 1137.58 80.2849
81 1355.58 1140.17 78.1947
82 1355.58 1145.95 76.9658
83 1355.58 1147.96 75.182
84 1355.58 1147.96 75.182
85 1355.58 1148.62 74.4577
86 1355.58 1148.62 74.4577
87 1355.58 1148.62 74.4577
88 1355.58 1148.62 74.4577
89 1355.58 1148.62 74.4577
90 1355.58 1148.62 74.4577
91 1355.58 1150.27 73.0162
92 1355.58 1150.27 73.0162
93 1355.58 1150.27 73.0162
94 1355.58 1153.04 71.1777
95 1355.58 1153.04 71.1777
96 1355.58 1153.04 71.1777
97 1355.58 1156.05 68.7543
98 1355.58 1156.05 68.7543
99 1355.58 1156.05 68.7543
100 1355.58 1165.14 73.1143
101 1355.58 1174.16 76.9732
102 1355.58 1174.16 76.9732
103 1355.58 1174.16 76.9732
104 1355.58 1175.32 75.9788
105 1355.58 1175.32 75.9788
106 1355.58 1175.32 75.9788
107 1355.58 1175.32 75.9788
108 1355.58 1184.61 79.7541
109 1355.58 1184.61 79.7541
110 1513.18 1200.96 100.777
111 1513.18 1223.67 110.397
112 1560.49 1245.02 123.819
113 1560.49 1247.33 122.01
114 1560.49 1261.29 119.967
115 1560.49 1282.09 121.623
116 1560.49 1282.09 121.623
117 1560.49 1282.09 121.623
118 1560.49 1292.54 115.042
119 1560.49 1308.68 122.403
120 1694.99 1334.36 136.745
121 1694.99 1344.99 129.215
122 1694.99 1344.99 129.215
123 1694.99 1346.19 127.813
124 1694.99 1349.32 125.01
125 1694.99 1353.44 121.635
126 1694.99 1369.4 111.981
127 1694.99 1373.72 108.712
128 1694.99 1374.32 108.16
129 1768.56 1394.13 130.83
130 1768.56 1396.43 129.16
131 1768.56 1404.18 128.23
132 1768.56 1406.54 126.68
133 1768.56 1434.98 128.217
134 1768.56 1435.81 127.425
135 1768.56 1446.6 125.233
136 1768.56 1446.6 125.233
137 1768.56 1446.6 125.233
138 1768.56 1458.12 126.32
139 1768.56 1477.81 128.864
140 1768.56 1480.92 126.092
141 1768.56 1480.92 126.092
142 1768.56 1481.71 125.184
143 1768.56 1481.71 125.184
144 1768.56 1481.71 125.184
145 1768.56 1487.61 121.211
146 1768.56 1487.61 121.211
147 1768.56 1487.61 121.211
148 1768.56 1487.61 121.211
149 1768.56 1497.25 113.052
150 1768.56 1497.25 113.052
151 1768.56 1511.55 105.001
152 1768.56 1514.78 101.077
153 1768.56 1514.96 100.82
154 1768.56 1514.96 100.82
155 1768.56 1527.19 101.421
156 1768.56 1530.08 98.5139
157 1768.56 1530.08 98.5139
158 1768.56 1534 95.3294
159 1768.56 1534 95.3294
160 1768.56 1534 95.3294
161 1768.56 1534 95.3294
162 1768.56 1541.66 94.121
163 1768.56 1541.66 94.121
164 1768.56 1541.66 94.121
165 1768.56 1541.66 94.121
166 1768.56 1542.16 93.5412
167 1768.56 1542.16 93.5412
168 1768.56 1542.16 93.5412
169 1768.56 1542.16 93.5412
170 1768.56 1542.16 93.5412
171 1768.56 1542.16 93.5412
172 1768.56 1555.48 89.8563
173 1768.56 1555.48 89.8563
174 1768.56 1562.96 87.966
175 1768.56 1562.96 87.966
176 1768.56 1564.08 86.6183
177 1768.56 1573.6 87.7783
178 1768.56 1573.6 87.7783
179 1768.56 1573.6 87.7783
180 1768.56 1573.6 87.7783
181 1768.56 1573.6 87.7783
182 1768.56 1573.6 87.7783
183 1768.56 1573.6 87.7783
184 1768.56 1573.6 87.7783
185 1768.56 1573.6 87.7783
186 1768.56 1573.6 87.7783
187 1768.56 1573.6 87.7783
188 1768.56 1579.06 84.7935
189 1768.56 1580.4 83.1787
190 1768.56 1586.34 79.9293
191 1768.56 1586.34 79.9293
192 1768.56 1586.34 79.9293
193 1768.56 1586.34 79.9293
194 1768.56 1586.34 79.9293
195 1768.56 1586.34 79.9293
196 1768.56 1586.34 79.9293
197 1768.56 1586.34 79.9293
198 1768.56 1595.71 79.7876
199 1768.56 1595.89 79.5115
200 1768.56 1595.89 79.5115
