1 0.506047 0.206799 0.126431
2 0.506047 0.345605 0.0632718
3 0.506047 0.361172 0.0516674
4 0.506047 0.374268 0.0438153
5 0.506047 0.382889 0.044894
6 0.506047 0.393594 0.0404207
7 0.506047 0.407344 0.0373433
8 0.506047 0.421061 0.0293958
9 0.519487 0.435954 0.0312292
10 0.519487 0.438751 0.0310375
11 0.519487 0.441029 0.0291161
12 0.519487 0.443654 0.0272118
13 0.519487 0.446863 0.0252355
14 0.519487 0.447682 0.0246193
15 0.519487 0.448255 0.0241167
16 0.519487 0.45019 0.0228732
17 0.519487 0.451605 0.0221749
18 0.519487 0.457067 0.0207662
19 0.519487 0.457711 0.0201808
20 0.519487 0.459031 0.0192283
21 0.519487 0.461009 0.0183354
22 0.519487 0.461071 0.0182687
23 0.596665 0.467262 0.031877
24 0.633776 0.476515 0.0447176
25 0.633776 0.476515 0.0447176
26 0.633776 0.476821 0.0445156
27 0.633776 0.476978 0.0444193
28 0.633776 0.476978 0.0444193
29 0.633776 0.478076 0.0439725
30 0.633776 0.478175 0.0439103
31 0.633776 0.478175 0.0439103
32 0.633776 0.478559 0.043711
33 0.633776 0.478559 0.043711
34 0.633776 0.482468 0.044142
35 0.633776 0.483044 0.0438301
36 0.633776 0.483044 0.0438301
37 0.633776 0.485273 0.0430642
38 0.633776 0.488185 0.0424998
39 0.633776 0.490691 0.0424617
40 0.633776 0.490691 0.0424617
41 0.633776 0.490691 0.0424617
42 0.633776 0.49076 0.0424109
43 0.633776 0.49088 0.0423262
44 0.633776 0.49088 0.0423262
45 0.633776 0.494248 0.0431043
46 0.633776 0.50125 0.0482305
47 0.633776 0.504466 0.0468288
48 0.633776 0.504466 0.0468288
49 0.633776 0.504613 0.0467025
50 0.633776 0.504833 0.0465287
51 0.633776 0.506707 0.0454063
52 0.633776 0.508506 0.0447118
53 0.633776 0.508862 0.0444385
54 0.633776 0.508862 0.0444385
55 0.633776 0.508862 0.0444385
56 0.633776 0.508877 0.0444257
57 0.633776 0.510839 0.0437679
58 0.633776 0.510839 0.0437679
59 0.633776 0.510839 0.0437679
60 0.633776 0.510839 0.0437679
61 0.633776 0.512185 0.0430224
62 0.633776 0.512185 0.0430224
63 0.633776 0.513282 0.0423066
64 0.633776 0.513282 0.0423066
65 0.633776 0.51473 0.0412843
66 0.633776 0.51672 0.0405451
67 0.633776 0.516989 0.04031
68 0.633776 0.517925 0.0397133
69 0.633776 0.517925 0.0397133
70 0.633776 0.519982 0.0391522
71 0.633776 0.519982 0.0391522
72 0.633776 0.519982 0.0391522
73 0.633776 0.519982 0.0391522
74 0.633776 0.522672 0.0388015
75 0.633776 0.522672 0.0388015
76 0.633776 0.522672 0.0388015
77 0.633776 0.530094 0.0392051
78 0.633776 0.530653 0.038757
79 0.633776 0.530653 0.038757
80 0.633776 0.530653 0.038757
81 0.633776 0.530653 0.038757
82 0.633776 0.536061 0.0421898
83 0.633776 0.536061 0.0421898
84 0.633776 0.538191 0.0411443
85 0.633776 0.542925 0.0398505
86 0.633776 0.542925 0.0398505
87 0.633776 0.542925 0.0398505
88 0.633776 0.542925 0.0398505
89 0.633776 0.542925 0.0398505
90 0.647882 0.549968 0.0431672
91 0.647882 0.549968 0.0431672
92 0.647882 0.550907 0.0424506
93 0.647882 0.550907 0.0424506
94 0.647882 0.550907 0.0424506
95 0.647882 0.550907 0.0424506
96 0.647882 0.552651 0.0414603
97 0.647882 0.552651 0.0414603
98 0.647882 0.559129 0.0421245
99 0.647882 0.559129 0.0421245
100 0.647882 0.559429 0.0418137
101 0.647882 0.561235 0.0407177
102 0.647882 0.561235 0.0407177
103 0.647882 0.561235 0.0407177
104 0.647882 0.561235 0.0407177
105 0.647882 0.561235 0.0407177
106 0.647882 0.561235 0.0407177
107 0.647882 0.561235 0.0407177
108 0.647882 0.56185 0.0401951
109 0.647882 0.56185 0.0401951
110 0.647882 0.56185 0.0401951
111 0.647882 0.562494 0.0396369
112 0.647882 0.564279 0.0386572
113 0.647882 0.564279 0.0386572
114 0.647882 0.564279 0.0386572
115 0.647882 0.564279 0.0386572
116 0.647882 0.564279 0.0386572
117 0.647882 0.564279 0.0386572
118 0.647882 0.564279 0.0386572
119 0.647882 0.564279 0.0386572
120 0.647882 0.564279 0.0386572
121 0.647882 0.564279 0.0386572
122 0.647882 0.564279 0.0386572
123 0.647882 0.564279 0.0386572
124 0.647882 0.564279 0.0386572
125 0.647882 0.564279 0.0386572
126 0.647882 0.564279 0.0386572
127 0.647882 0.564279 0.0386572
128 0.647882 0.564279 0.0386572
129 0.647882 0.564279 0.0386572
130 0.647882 0.565277 0.0378174
131 0.647882 0.565277 0.0378174
132 0.647882 0.565277 0.0378174
133 0.647882 0.565277 0.0378174
134 0.647882 0.565277 0.0378174
135 0.647882 0.565277 0.0378174
136 0.647882 0.565277 0.0378174
137 0.647882 0.565277 0.0378174
138 0.647882 0.565277 0.0378174
139 0.647882 0.565277 0.0378174
140 0.647882 0.565277 0.0378174
141 0.647882 0.565277 0.0378174
142 0.647882 0.565277 0.0378174
143 0.647882 0.565277 0.0378174
144 0.647882 0.565277 0.0378174
145 0.647882 0.565277 0.0378174
146 0.647882 0.565277 0.0378174
147 0.647882 0.565277 0.0378174
148 0.647882 0.565277 0.0378174
149 0.647882 0.565277 0.0378174
150 0.647882 0.565277 0.0378174
151 0.647882 0.565277 0.0378174
152 0.647882 0.565277 0.0378174
153 0.647882 0.565277 0.0378174
154 0.647882 0.565277 0.0378174
155 0.647882 0.565277 0.0378174
156 0.647882 0.565277 0.0378174
157 0.647882 0.565277 0.0378174
158 0.647882 0.565277 0.0378174
159 0.647882 0.565277 0.0378174
160 0.647882 0.565277 0.0378174
161 0.647882 0.565277 0.0378174
162 0.647882 0.565277 0.0378174
163 0.647882 0.565277 0.0378174
164 0.647882 0.565277 0.0378174
165 0.647882 0.565277 0.0378174
166 0.647882 0.565277 0.0378174
167 0.647882 0.565277 0.0378174
168 0.647882 0.565277 0.0378174
169 0.647882 0.565277 0.0378174
170 0.647882 0.565277 0.0378174
171 0.647882 0.565277 0.0378174
172 0.647882 0.565277 0.0378174
173 0.647882 0.565277 0.0378174
174 0.647882 0.565277 0.0378174
175 0.647882 0.565277 0.0378174
176 0.647882 0.565277 0.0378174
177 0.647882 0.565277 0.0378174
178 0.647882 0.565277 0.0378174
179 0.647882 0.565277 0.0378174
180 0.647882 0.565277 0.0378174
181 0.647882 0.565277 0.0378174
182 0.647882 0.565277 0.0378174
183 0.647882 0.565277 0.0378174
184 0.647882 0.565277 0.0378174
185 0.647882 0.565277 0.0378174
186 0.647882 0.565277 0.0378174
187 0.647882 0.565277 0.0378174
188 0.647882 0.565277 0.0378174
189 0.647882 0.565277 0.0378174
190 0.647882 0.565277 0.0378174
191 0.647882 0.565277 0.0378174
192 0.647882 0.565277 0.0378174
193 0.647882 0.565277 0.0378174
194 0.647882 0.565277 0.0378174
195 0.647882 0.565277 0.0378174
196 0.647882 0.565277 0.0378174
197 0.647882 0.565277 0.0378174
198 0.647882 0.565277 0.0378174
199 0.647882 0.565277 0.0378174
200 0.647882 0.565277 0.0378174
