1 0.773939 0.256794 0.177909
2 0.773939 0.437618 0.100718
3 0.773939 0.495438 0.0747442
4 0.773939 0.519011 0.0681461
5 0.773939 0.527537 0.0632184
6 0.773939 0.547795 0.0608281
7 0.773939 0.560817 0.0581064
8 0.773939 0.575335 0.0551312
9 0.773939 0.5904 0.0552526
10 0.773939 0.598574 0.05046
11 0.773939 0.60581 0.0507129
12 0.773939 0.620673 0.0515672
13 0.773939 0.624807 0.0481535
14 0.773939 0.633887 0.0471554
15 0.773939 0.644351 0.0469215
16 0.773939 0.64877 0.0438043
17 0.773939 0.656128 0.0398624
18 0.773939 0.659482 0.0384872
19 0.773939 0.659495 0.0384696
20 0.803159 0.676969 0.0455157
21 0.803159 0.68154 0.0448107
22 0.803159 0.682101 0.0442921
23 0.803159 0.683581 0.0432277
24 0.803159 0.687121 0.0417472
25 0.803159 0.687181 0.0416905
26 0.803159 0.692889 0.0408539
27 0.803159 0.697371 0.0418842
28 0.803159 0.703915 0.0419219
29 0.803159 0.707735 0.0417058
30 0.803159 0.707735 0.0417058
31 0.803159 0.708501 0.0409176
32 0.803159 0.709227 0.0401331
33 0.803159 0.709227 0.0401331
34 0.803159 0.712324 0.0396493
35 0.803159 0.712324 0.0396493
36 0.803159 0.713683 0.0386891
37 0.803159 0.713683 0.0386891
38 0.803159 0.713683 0.0386891
39 0.803159 0.714062 0.0382994
40 0.803159 0.714129 0.0382271
41 0.803159 0.714129 0.0382271
42 0.803159 0.714981 0.0375098
43 0.803159 0.718552 0.0376838
44 0.803159 0.718552 0.0376838
45 0.969816 0.734229 0.060566
46 0.969816 0.734229 0.060566
47 0.969816 0.735155 0.0598881
48 0.969816 0.735155 0.0598881
49 0.969816 0.735155 0.0598881
50 0.969816 0.735155 0.0598881
51 0.969816 0.735155 0.0598881
52 0.969816 0.735155 0.0598881
53 0.969816 0.739537 0.0599526
54 0.969816 0.740195 0.0594235
55 0.969816 0.743502 0.0585144
56 0.969816 0.744527 0.0576893
57 0.969816 0.746025 0.0565938
58 0.969816 0.746025 0.0565938
59 0.969816 0.746025 0.0565938
60 0.969816 0.748783 0.0552518
61 0.969816 0.748783 0.0552518
62 0.969816 0.75119 0.0538828
63 0.969816 0.75119 0.0538828
64 0.969816 0.75119 0.0538828
65 0.969816 0.754359 0.0526916
66 0.969816 0.754359 0.0526916
67 0.969816 0.757007 0.0515513
68 0.969816 0.757823 0.0508331
69 0.969816 0.758287 0.0503749
70 0.969816 0.758287 0.0503749
71 0.969816 0.762379 0.0502601
72 0.969816 0.762379 0.0502601
73 0.969816 0.762379 0.0502601
74 0.969816 0.762379 0.0502601
75 0.969816 0.762379 0.0502601
76 0.969816 0.7651 0.0484691
77 0.969816 0.7651 0.0484691
78 0.969816 0.765107 0.0484617
79 0.969816 0.765753 0.0478816
80 0.969816 0.765753 0.0478816
81 0.969816 0.765753 0.0478816
82 0.969816 0.765753 0.0478816
83 0.969816 0.765753 0.0478816
84 0.969816 0.77008 0.0486368
85 0.969816 0.77008 0.0486368
86 0.969816 0.77008 0.0486368
87 0.969816 0.771317 0.0477982
88 0.969816 0.774677 0.0473692
89 0.969816 0.776263 0.0461251
90 0.969816 0.776263 0.0461251
91 0.969816 0.776263 0.0461251
92 0.969816 0.776263 0.0461251
93 0.969816 0.776501 0.0459024
94 0.969816 0.782456 0.0497812
95 0.969816 0.782456 0.0497812
96 0.969816 0.782456 0.0497812
97 0.969816 0.782456 0.0497812
98 0.969816 0.782456 0.0497812
99 0.969816 0.782456 0.0497812
100 0.969816 0.782456 0.0497812
101 0.969816 0.782456 0.0497812
102 0.969816 0.782456 0.0497812
103 0.969816 0.782456 0.0497812
104 0.969816 0.782456 0.0497812
105 0.969816 0.782456 0.0497812
106 0.969816 0.789125 0.0522658
107 0.969816 0.793313 0.0527923
108 0.969816 0.793313 0.0527923
109 0.969816 0.793313 0.0527923
110 0.969816 0.794653 0.052072
111 0.969816 0.794653 0.052072
112 0.969816 0.79479 0.0519617
113 0.969816 0.79479 0.0519617
114 0.969816 0.79479 0.0519617
115 0.969816 0.79479 0.0519617
116 0.969816 0.79479 0.0519617
117 0.969816 0.796536 0.051273
118 0.969816 0.796536 0.051273
119 0.969816 0.798178 0.0505575
120 0.969816 0.798178 0.0505575
121 0.969816 0.798178 0.0505575
122 0.969816 0.798178 0.0505575
123 0.969816 0.798178 0.0505575
124 0.969816 0.798178 0.0505575
125 0.969816 0.798178 0.0505575
126 0.969816 0.798178 0.0505575
127 0.969816 0.798178 0.0505575
128 0.969816 0.798997 0.0500084
129 0.969816 0.798997 0.0500084
130 0.969816 0.798997 0.0500084
131 0.969816 0.798997 0.0500084
132 0.969816 0.798997 0.0500084
133 0.969816 0.800356 0.0492522
134 0.969816 0.800356 0.0492522
135 0.969816 0.800485 0.0491412
136 0.969816 0.800792 0.0489072
137 0.969816 0.800792 0.0489072
138 0.969816 0.800792 0.0489072
139 0.969816 0.800792 0.0489072
140 0.969816 0.800792 0.0489072
141 0.969816 0.800792 0.0489072
142 0.969816 0.800792 0.0489072
143 0.969816 0.800792 0.0489072
144 0.969816 0.800792 0.0489072
145 0.969816 0.800861 0.0488519
146 0.969816 0.800861 0.0488519
147 0.969816 0.800861 0.0488519
148 0.969816 0.800861 0.0488519
149 0.969816 0.800861 0.0488519
150 0.969816 0.800861 0.0488519
151 0.969816 0.800861 0.0488519
152 0.969816 0.800861 0.0488519
153 0.969816 0.800861 0.0488519
154 0.969816 0.800861 0.0488519
155 0.969816 0.800861 0.0488519
156 0.969816 0.801571 0.0483987
157 0.969816 0.801571 0.0483987
158 0.969816 0.801571 0.0483987
159 0.969816 0.801571 0.0483987
160 0.969816 0.801571 0.0483987
161 0.969816 0.801571 0.0483987
162 0.969816 0.804291 0.0471509
163 0.969816 0.804291 0.0471509
164 0.969816 0.804291 0.0471509
165 0.969816 0.804291 0.0471509
166 0.969816 0.80547 0.0464983
167 0.969816 0.80547 0.0464983
168 0.969816 0.80547 0.0464983
169 0.969816 0.80547 0.0464983
170 0.969816 0.80547 0.0464983
171 0.969816 0.80547 0.0464983
172 0.969816 0.80547 0.0464983
173 0.969816 0.80547 0.0464983
174 0.969816 0.80547 0.0464983
175 0.969816 0.80547 0.0464983
176 0.969816 0.80547 0.0464983
177 0.969816 0.80547 0.0464983
178 0.969816 0.80547 0.0464983
179 0.969816 0.80547 0.0464983
180 0.969816 0.809947 0.0470408
181 0.969816 0.809947 0.0470408
182 0.969816 0.809947 0.0470408
183 0.969816 0.809947 0.0470408
184 0.969816 0.809947 0.0470408
185 0.969816 0.809947 0.0470408
186 0.969816 0.809947 0.0470408
187 0.969816 0.809947 0.0470408
188 0.969816 0.809947 0.0470408
189 0.969816 0.809947 0.0470408
190 0.969816 0.809947 0.0470408
191 0.969816 0.809947 0.0470408
192 0.969816 0.809947 0.0470408
193 0.969816 0.809947 0.0470408
194 0.969816 0.809947 0.0470408
195 0.969816 0.809947 0.0470408
196 0.969816 0.809947 0.0470408
197 0.969816 0.809947 0.0470408
198 0.969816 0.811335 0.0462632
199 0.969816 0.811335 0.0462632
200 0.969816 0.81491 0.0465646
