1 0.746229 0.306801 0.234067
2 1.05783 0.576062 0.164674
3 1.05783 0.667329 0.145279
4 1.05783 0.754509 0.123369
5 1.15412 0.805183 0.145822
6 1.15412 0.832811 0.139523
7 1.15412 0.845899 0.130521
8 1.15412 0.853676 0.124587
9 1.15412 0.856152 0.122392
10 1.15412 0.86005 0.11999
11 1.15412 0.889195 0.121386
12 1.15412 0.889195 0.121386
13 1.15412 0.897414 0.117414
14 1.15412 0.916848 0.118619
15 1.15412 0.938848 0.110345
16 1.15412 0.942772 0.107092
17 1.15412 0.954741 0.0984064
18 1.15412 0.977241 0.0847364
19 1.43468 1.00088 0.119489
20 1.43468 1.01108 0.117919
21 1.43468 1.01991 0.115678
22 1.43468 1.03394 0.119687
23 1.43468 1.04088 0.114184
24 1.43468 1.04088 0.114184
25 1.43468 1.05774 0.111321
26 1.43468 1.05774 0.111321
27 1.43468 1.065 0.108577
28 1.43468 1.08502 0.104315
29 1.43468 1.08502 0.104315
30 1.43468 1.08502 0.104315
31 1.43468 1.09203 0.102107
32 1.43468 1.09203 0.102107
33 1.43468 1.09233 0.101759
34 1.43468 1.09749 0.0990028
35 1.43468 1.10788 0.0997638
36 1.43468 1.12585 0.105125
37 1.43468 1.12585 0.105125
38 1.43468 1.13412 0.103156
39 1.43468 1.13412 0.103156
40 1.43468 1.13412 0.103156
41 1.43468 1.14525 0.105755
42 1.43468 1.14927 0.102063
43 1.43468 1.15722 0.100529
44 1.43468 1.15722 0.100529
45 1.43468 1.16123 0.0979614
46 1.43468 1.16123 0.0979614
47 1.43468 1.16123 0.0979614
48 1.43468 1.16129 0.0978928
49 1.43468 1.16389 0.0955085
50 1.43468 1.17682 0.0946911
51 1.43468 1.20314 0.0918615
52 1.43468 1.21284 0.0932908
53 1.43468 1.22005 0.0913479
54 1.43468 1.22744 0.0892606
55 1.43468 1.22744 0.0892606
56 1.43468 1.23467 0.0867932
57 1.43468 1.23467 0.0867932
58 1.43468 1.23583 0.0853633
59 1.43468 1.23583 0.0853633
60 1.43468 1.23583 0.0853633
61 1.43468 1.23583 0.0853633
62 1.43468 1.23995 0.0819063
63 1.43468 1.24665 0.0769448
64 1.43468 1.25005 0.0736857
65 1.43468 1.25005 0.0736857
66 1.43468 1.25005 0.0736857
67 1.43468 1.25005 0.0736857
68 1.43468 1.25005 0.0736857
69 1.43468 1.25005 0.0736857
70 1.43468 1.25005 0.0736857
71 1.43468 1.25005 0.0736857
72 1.43468 1.25005 0.0736857
73 1.43468 1.25005 0.0736857
74 1.43468 1.25005 0.0736857
75 1.51464 1.2648 0.0870503
76 1.51464 1.26927 0.0838449
77 1.51464 1.27472 0.0805445
78 1.51464 1.27684 0.0780504
79 1.51464 1.28145 0.0755279
80 1.51464 1.28564 0.0738212
81 1.51464 1.28564 0.0738212
82 1.51464 1.28564 0.0738212
83 1.51464 1.28697 0.0727078
84 1.51464 1.28697 0.0727078
85 1.51464 1.28829 0.0715729
86 1.51464 1.28829 0.0715729
87 1.51464 1.28829 0.0715729
88 1.51464 1.28838 0.0714832
89 1.51464 1.28838 0.0714832
90 1.51464 1.28838 0.0714832
91 1.51464 1.28838 0.0714832
92 1.51464 1.29261 0.0701791
93 1.51464 1.29261 0.0701791
94 1.51464 1.29261 0.0701791
95 1.51464 1.29261 0.0701791
96 1.51464 1.29261 0.0701791
97 1.51464 1.29419 0.0688873
98 1.51464 1.29944 0.0679309
99 1.51464 1.29944 0.0679309
100 1.51464 1.29944 0.0679309
101 1.51464 1.29944 0.0679309
102 1.51464 1.30357 0.0660387
103 1.51464 1.3099 0.0665505
104 1.51464 1.31448 0.0650543
105 1.51464 1.31448 0.0650543
106 1.51464 1.31448 0.0650543
107 1.51464 1.31448 0.0650543
108 1.51464 1.31813 0.0630745
109 1.51464 1.31813 0.0630745
110 1.51464 1.31813 0.0630745
111 1.51464 1.31813 0.0630745
112 1.51464 1.31813 0.0630745
113 1.51464 1.31813 0.0630745
114 1.51464 1.31813 0.0630745
115 1.51464 1.31813 0.0630745
116 1.51464 1.31813 0.0630745
117 1.51464 1.31813 0.0630745
118 1.51464 1.32283 0.0614224
119 1.51464 1.32283 0.0614224
120 1.51464 1.32283 0.0614224
121 1.51464 1.32283 0.0614224
122 1.51464 1.32283 0.0614224
123 1.51464 1.32283 0.0614224
124 1.51464 1.32283 0.0614224
125 1.51464 1.32537 0.0588219
126 1.51464 1.32537 0.0588219
127 1.51464 1.32537 0.0588219
128 1.51464 1.32537 0.0588219
129 1.51464 1.32537 0.0588219
130 1.51464 1.32537 0.0588219
131 1.51464 1.32537 0.0588219
132 1.51464 1.32537 0.0588219
133 1.51464 1.32872 0.0566348
134 1.51464 1.32872 0.0566348
135 1.51464 1.32872 0.0566348
136 1.51464 1.32941 0.0558605
137 1.51464 1.33 0.0552201
138 1.51464 1.33 0.0552201
139 1.51464 1.3342 0.0540775
140 1.51464 1.3342 0.0540775
141 1.51464 1.3342 0.0540775
142 1.51464 1.3342 0.0540775
143 1.51464 1.3342 0.0540775
144 1.51464 1.3342 0.0540775
145 1.51464 1.3342 0.0540775
146 1.51464 1.3342 0.0540775
147 1.51464 1.3342 0.0540775
148 1.51464 1.3342 0.0540775
149 1.51464 1.3342 0.0540775
150 1.51464 1.3342 0.0540775
151 1.51464 1.3342 0.0540775
152 1.51464 1.3342 0.0540775
153 1.51464 1.3342 0.0540775
154 1.51464 1.3342 0.0540775
155 1.51464 1.3342 0.0540775
156 1.51464 1.33809 0.0531397
157 1.51464 1.33809 0.0531397
158 1.51464 1.33809 0.0531397
159 1.51464 1.33809 0.0531397
160 1.51464 1.33809 0.0531397
161 1.51464 1.33809 0.0531397
162 1.51464 1.33809 0.0531397
163 1.51464 1.34161 0.050568
164 1.51464 1.34161 0.050568
165 1.51464 1.34161 0.050568
166 1.51464 1.34161 0.050568
167 1.51464 1.34552 0.0502148
168 1.51464 1.34552 0.0502148
169 1.51464 1.34552 0.0502148
170 1.51464 1.34552 0.0502148
171 1.51464 1.34552 0.0502148
172 1.51464 1.34552 0.0502148
173 1.51464 1.34552 0.0502148
174 1.51464 1.34552 0.0502148
175 1.51464 1.34552 0.0502148
176 1.51464 1.35286 0.0539731
177 1.51464 1.35286 0.0539731
178 1.51464 1.35286 0.0539731
179 1.51464 1.35286 0.0539731
180 1.51464 1.35286 0.0539731
181 1.51464 1.35286 0.0539731
182 1.51464 1.35286 0.0539731
183 1.51464 1.35286 0.0539731
184 1.51464 1.35286 0.0539731
185 1.51464 1.35286 0.0539731
186 1.51464 1.35286 0.0539731
187 1.51464 1.35286 0.0539731
188 1.51464 1.35286 0.0539731
189 1.51464 1.35286 0.0539731
190 1.51464 1.35286 0.0539731
191 1.51464 1.35286 0.0539731
192 1.51464 1.35286 0.0539731
193 1.51464 1.35286 0.0539731
194 1.51464 1.35286 0.0539731
195 1.51464 1.35286 0.0539731
196 1.51464 1.35286 0.0539731
197 1.51464 1.35286 0.0539731
198 1.51464 1.35286 0.0539731
199 1.51464 1.35286 0.0539731
200 1.51464 1.35286 0.0539731
201 1.51464 1.35286 0.0539731
202 1.51464 1.35286 0.0539731
203 1.51464 1.35286 0.0539731
204 1.51464 1.35286 0.0539731
205 1.51464 1.35286 0.0539731
206 1.51464 1.35286 0.0539731
207 1.51464 1.35286 0.0539731
208 1.51464 1.35286 0.0539731
209 1.51464 1.35286 0.0539731
210 1.51464 1.35286 0.0539731
211 1.51464 1.35286 0.0539731
212 1.51464 1.35826 0.054298
213 1.51464 1.35826 0.054298
214 1.51464 1.35826 0.054298
215 1.51464 1.35861 0.0539183
216 1.51464 1.35861 0.0539183
217 1.51464 1.35861 0.0539183
218 1.51464 1.35861 0.0539183
219 1.51464 1.35861 0.0539183
220 1.51464 1.35861 0.0539183
221 1.51464 1.35861 0.0539183
222 1.51464 1.35861 0.0539183
223 1.51464 1.3598 0.0528882
224 1.51464 1.3598 0.0528882
225 1.51464 1.3598 0.0528882
226 1.51464 1.3598 0.0528882
227 1.51464 1.3598 0.0528882
228 1.51464 1.3598 0.0528882
229 1.51464 1.3598 0.0528882
230 1.51464 1.3598 0.0528882
231 1.51464 1.3598 0.0528882
232 1.51464 1.3598 0.0528882
233 1.51464 1.36113 0.0518536
234 1.51464 1.36113 0.0518536
235 1.51464 1.36113 0.0518536
236 1.51464 1.36113 0.0518536
237 1.51464 1.36113 0.0518536
238 1.51464 1.36113 0.0518536
239 1.51464 1.36113 0.0518536
240 1.51464 1.36113 0.0518536
241 1.51464 1.36113 0.0518536
242 1.51464 1.36113 0.0518536
243 1.51464 1.36113 0.0518536
244 1.51464 1.36113 0.0518536
245 1.51464 1.36113 0.0518536
246 1.51464 1.36113 0.0518536
247 1.51464 1.36113 0.0518536
248 1.51464 1.36113 0.0518536
249 1.51464 1.36113 0.0518536
250 1.51464 1.36113 0.0518536
