-1.0 -1.0 0.2 0.2 0.0959375 0.0
-1.0 -0.8 0.2 0.2 0.0959375 0.0
-1.0 -0.6000000000000001 0.2 0.2 0.094375 0.0
-1.0 -0.3999999999999999 0.2 0.2 0.088125 0.0
-1.0 -0.19999999999999996 0.2 0.2 0.0803125 0.0
-1.0 0.0 0.2 0.2 0.0709375 0.0
-1.0 0.19999999999999996 0.2 0.2 0.069375 0.0
-1.0 0.3999999999999999 0.2 0.2 0.07875 0.0
-1.0 0.6000000000000001 0.2 0.2 0.088125 0.0
-1.0 0.8000000000000003 0.2 0.2 0.0959375 0.0
-1.0 1.0 0.2 0.2 0.10375 0.0
-0.8 -1.0 0.2 0.2 0.09125 0.0
-0.8 -0.8 0.2 0.2 0.09125 0.0
-0.8 -0.6000000000000001 0.2 0.2 0.088125 0.0
-0.8 -0.3999999999999999 0.2 0.2 0.0803125 0.0
-0.8 -0.19999999999999996 0.2 0.2 0.0709375 0.0
-0.8 0.0 0.2 0.2 0.0584375 0.0
-0.8 0.19999999999999996 0.2 0.2 0.063125 0.0
-0.8 0.3999999999999999 0.2 0.2 0.0709375 0.0
-0.8 0.6000000000000001 0.2 0.2 0.07718749999999999 0.0
-0.8 0.8000000000000003 0.2 0.2 0.085 0.0
-0.8 1.0 0.2 0.2 0.09125 0.0
-0.6000000000000001 -1.0 0.2 0.2 0.081875 0.0
-0.6000000000000001 -0.8 0.2 0.2 0.081875 0.0
-0.6000000000000001 -0.6000000000000001 0.2 0.2 0.07718749999999999 0.0
-0.6000000000000001 -0.3999999999999999 0.2 0.2 0.069375 0.0
-0.6000000000000001 -0.19999999999999996 0.2 0.2 0.0584375 0.0
-0.6000000000000001 0.0 0.2 0.2 0.0490625 0.0
-0.6000000000000001 0.19999999999999996 0.2 0.2 0.05531250000000001 0.0
-0.6000000000000001 0.3999999999999999 0.2 0.2 0.060000000000000005 0.0
-0.6000000000000001 0.6000000000000001 0.2 0.2 0.06625 0.0
-0.6000000000000001 0.8000000000000003 0.2 0.2 0.0725 0.0
-0.6000000000000001 1.0 0.2 0.2 0.07875 0.0
-0.3999999999999999 -1.0 0.2 0.2 0.0709375 0.0
-0.3999999999999999 -0.8 0.2 0.2 0.069375 0.0
-0.3999999999999999 -0.6000000000000001 0.2 0.2 0.0646875 0.0
-0.3999999999999999 -0.3999999999999999 0.2 0.2 0.056875 0.0
-0.3999999999999999 -0.19999999999999996 0.2 0.2 0.044375000000000005 0.0
-0.3999999999999999 0.0 0.2 0.2 0.04125 0.0
-0.3999999999999999 0.19999999999999996 0.2 0.2 0.045937500000000006 0.0
-0.3999999999999999 0.3999999999999999 0.2 0.2 0.050625 0.0
-0.3999999999999999 0.6000000000000001 0.2 0.2 0.05531250000000001 0.0
-0.3999999999999999 0.8000000000000003 0.2 0.2 0.061562500000000006 0.0
-0.3999999999999999 1.0 0.2 0.2 0.0678125 0.0
-0.19999999999999996 -1.0 0.2 0.2 0.0584375 0.0
-0.19999999999999996 -0.8 0.2 0.2 0.05531250000000001 0.0
-0.19999999999999996 -0.6000000000000001 0.2 0.2 0.050625 0.0
-0.19999999999999996 -0.3999999999999999 0.2 0.2 0.04125 0.0
-0.19999999999999996 -0.19999999999999996 0.2 0.2 0.028750000000000005 0.0
-0.19999999999999996 0.0 0.2 0.2 0.031875 0.0
-0.19999999999999996 0.19999999999999996 0.2 0.2 0.036562500000000005 0.0
-0.19999999999999996 0.3999999999999999 0.2 0.2 0.0396875 0.0
-0.19999999999999996 0.6000000000000001 0.2 0.2 0.056875 0.0
-0.19999999999999996 0.8000000000000003 0.2 0.2 0.0709375 0.0
-0.19999999999999996 1.0 0.2 0.2 0.085 0.0
0.0 -1.0 0.2 0.2 0.0428125 0.0
0.0 -0.8 0.2 0.2 0.04125 0.0
0.0 -0.6000000000000001 0.2 0.2 0.035 0.0
0.0 -0.3999999999999999 0.2 0.2 0.0240625 0.0
0.0 -0.19999999999999996 0.2 0.2 0.0209375 0.0
0.0 0.0 0.2 0.2 0.0240625 0.0
0.0 0.19999999999999996 0.2 0.2 0.04125 0.0
0.0 0.3999999999999999 0.2 0.2 0.060000000000000005 0.0
0.0 0.6000000000000001 0.2 0.2 0.075625 0.0
0.0 0.8000000000000003 0.2 0.2 0.09125 0.0
0.0 1.0 0.2 0.2 0.10375 0.0
0.19999999999999996 -1.0 0.2 0.2 0.028750000000000005 0.0
0.19999999999999996 -0.8 0.2 0.2 0.025625000000000002 0.0
0.19999999999999996 -0.6000000000000001 0.2 0.2 0.017812500000000002 0.0
0.19999999999999996 -0.3999999999999999 0.2 0.2 0.01 0.0
0.19999999999999996 -0.19999999999999996 0.2 0.2 0.0240625 0.0
0.19999999999999996 0.0 0.2 0.2 0.04125 0.0
0.19999999999999996 0.19999999999999996 0.2 0.2 0.0584375 0.0
0.19999999999999996 0.3999999999999999 0.2 0.2 0.07718749999999999 0.0
0.19999999999999996 0.6000000000000001 0.2 0.2 0.0928125 0.0
0.19999999999999996 0.8000000000000003 0.2 0.2 0.1084375 0.0
0.19999999999999996 1.0 0.2 0.2 0.1209375 0.0
0.3999999999999999 -1.0 0.2 0.2 0.0334375 0.0
0.3999999999999999 -0.8 0.2 0.2 0.025625000000000002 0.0
0.3999999999999999 -0.6000000000000001 0.2 0.2 0.0209375 0.0
0.3999999999999999 -0.3999999999999999 0.2 0.2 0.028750000000000005 0.0
0.3999999999999999 -0.19999999999999996 0.2 0.2 0.0428125 0.0
0.3999999999999999 0.0 0.2 0.2 0.0584375 0.0
0.3999999999999999 0.19999999999999996 0.2 0.2 0.07718749999999999 0.0
0.3999999999999999 0.3999999999999999 0.2 0.2 0.094375 0.0
0.3999999999999999 0.6000000000000001 0.2 0.2 0.1115625 0.0
0.3999999999999999 0.8000000000000003 0.2 0.2 0.12562500000000001 0.0
0.3999999999999999 1.0 0.2 0.2 0.13812500000000003 0.0
0.6000000000000001 -1.0 0.2 0.2 0.0396875 0.0
0.6000000000000001 -0.8 0.2 0.2 0.035 0.0
0.6000000000000001 -0.6000000000000001 0.2 0.2 0.036562500000000005 0.0
0.6000000000000001 -0.3999999999999999 0.2 0.2 0.04750000000000001 0.0
0.6000000000000001 -0.19999999999999996 0.2 0.2 0.061562500000000006 0.0
0.6000000000000001 0.0 0.2 0.2 0.07875 0.0
0.6000000000000001 0.19999999999999996 0.2 0.2 0.0959375 0.0
0.6000000000000001 0.3999999999999999 0.2 0.2 0.113125 0.0
0.6000000000000001 0.6000000000000001 0.2 0.2 0.12875 0.0
0.6000000000000001 0.8000000000000003 0.2 0.2 0.144375 0.0
0.6000000000000001 1.0 0.2 0.2 0.15687500000000001 0.0
0.8000000000000003 -1.0 0.2 0.2 0.045937500000000006 0.0
0.8000000000000003 -0.8 0.2 0.2 0.045937500000000006 0.0
0.8000000000000003 -0.6000000000000001 0.2 0.2 0.05531250000000001 0.0
0.8000000000000003 -0.3999999999999999 0.2 0.2 0.06625 0.0
0.8000000000000003 -0.19999999999999996 0.2 0.2 0.0803125 0.0
0.8000000000000003 0.0 0.2 0.2 0.0975 0.0
0.8000000000000003 0.19999999999999996 0.2 0.2 0.1146875 0.0
0.8000000000000003 0.3999999999999999 0.2 0.2 0.13187500000000002 0.0
0.8000000000000003 0.6000000000000001 0.2 0.2 0.14750000000000002 0.0
0.8000000000000003 0.8000000000000003 0.2 0.2 0.16156250000000003 0.0
0.8000000000000003 1.0 0.2 0.2 0.1740625 0.0
1.0 -1.0 0.2 0.2 0.050625 0.0
1.0 -0.8 0.2 0.2 0.060000000000000005 0.0
1.0 -0.6000000000000001 0.2 0.2 0.0725 0.0
1.0 -0.3999999999999999 0.2 0.2 0.085 0.0
1.0 -0.19999999999999996 0.2 0.2 0.0990625 0.0
1.0 0.0 0.2 0.2 0.1146875 0.0
1.0 0.19999999999999996 0.2 0.2 0.13187500000000002 0.0
1.0 0.3999999999999999 0.2 0.2 0.14750000000000002 0.0
1.0 0.6000000000000001 0.2 0.2 0.16312500000000002 0.0
1.0 0.8000000000000003 0.2 0.2 0.17718750000000003 0.0
1.0 1.0 0.2 0.2 0.18812500000000001 0.0