1 0.518135 0.136183 0.189312
2 0.518135 0.408295 0.0798119
3 0.518135 0.447985 0.0497167
4 0.518135 0.478247 0.0243231
5 0.5453 0.489086 0.0281858
6 0.5453 0.49724 0.0280509
7 0.567993 0.52092 0.026872
8 0.567993 0.523673 0.0232233
9 0.567993 0.527643 0.0205519
10 0.567993 0.527643 0.0205519
11 0.567993 0.530105 0.0186916
12 0.567993 0.530105 0.0186916
13 0.567993 0.530105 0.0186916
14 0.567993 0.535339 0.0181072
15 0.567993 0.538977 0.0148012
16 0.567993 0.541032 0.0130929
17 0.567993 0.541032 0.0130929
18 0.567993 0.541032 0.0130929
19 0.567993 0.541032 0.0130929
20 0.567993 0.541032 0.0130929
21 0.567993 0.544937 0.0139307
22 0.567993 0.54747 0.0126125
23 0.567993 0.548748 0.0115108
24 0.606234 0.556027 0.0196606
25 0.606234 0.557469 0.0184498
26 0.606234 0.557579 0.0183402
27 0.606234 0.557579 0.0183402
28 0.606234 0.557579 0.0183402
29 0.606234 0.558419 0.017687
30 0.606234 0.558419 0.017687
31 0.606234 0.564302 0.0213514
32 0.606234 0.566825 0.0204277
33 0.606234 0.566825 0.0204277
34 0.606234 0.56774 0.0197555
35 0.606234 0.56774 0.0197555
36 0.606234 0.56774 0.0197555
37 0.606234 0.569327 0.0187322
38 0.606234 0.569884 0.0182466
39 0.606234 0.569884 0.0182466
40 0.606234 0.569884 0.0182466
41 0.606234 0.569884 0.0182466
42 0.606234 0.571687 0.017199
43 0.606234 0.573768 0.016451
44 0.61548 0.583192 0.0183087
45 0.61548 0.588031 0.0166381
46 0.61548 0.590678 0.0152908
47 0.61548 0.590678 0.0152908
48 0.61548 0.590678 0.0152908
49 0.61548 0.590678 0.0152908
50 0.61548 0.590678 0.0152908
