1 0.503377 0.186407 0.167468
2 0.539139 0.281492 0.115327
3 0.601645 0.37885 0.0899893
4 0.563286 0.340224 0.124028
5 0.531576 0.344471 0.0878192
6 0.61531 0.369204 0.110726
7 0.597619 0.299701 0.121754
8 0.575954 0.309576 0.105288
9 0.548493 0.324437 0.111192
10 0.573058 0.312849 0.0877324
11 0.520845 0.345098 0.115043
12 0.559885 0.340222 0.104393
13 0.548477 0.350471 0.115523
14 0.623812 0.289612 0.156772
15 0.506198 0.28391 0.110067
16 0.593709 0.349523 0.0844841
17 0.496443 0.279132 0.0820787
18 0.504438 0.300066 0.0984488
19 0.58668 0.323732 0.126449
20 0.603076 0.321742 0.11722
21 0.539584 0.339748 0.105238
22 0.56326 0.243872 0.113609
23 0.51541 0.356407 0.09447
24 0.521711 0.302201 0.0945181
25 0.50069 0.280892 0.115132
26 0.529882 0.310167 0.11091
27 0.555754 0.315899 0.131047
28 0.559661 0.388799 0.111057
29 0.508293 0.315433 0.103055
30 0.50667 0.35145 0.10719
31 0.494273 0.317196 0.106986
32 0.523464 0.2851 0.105798
33 0.485136 0.287182 0.11214
34 0.475223 0.271794 0.0906427
35 0.54003 0.366038 0.0826554
36 0.588718 0.368162 0.0900984
37 0.596881 0.341663 0.126412
38 0.499027 0.282759 0.0889246
39 0.502691 0.305396 0.094388
40 0.515213 0.28823 0.115566
41 0.506126 0.33252 0.0985629
42 0.567225 0.369767 0.0867839
43 0.577821 0.37026 0.113719
44 0.546777 0.294173 0.107524
45 0.534335 0.331223 0.103364
46 0.464404 0.273475 0.0867927
47 0.407529 0.288341 0.06597
48 0.486138 0.299876 0.0910635
49 0.526959 0.392435 0.0678849
50 0.499004 0.370139 0.0705747
51 0.481444 0.320646 0.0941549
52 0.439189 0.303591 0.0653757
53 0.496159 0.356435 0.083768
54 0.570157 0.363249 0.087122
55 0.556149 0.378329 0.0733535
56 0.568195 0.359646 0.0952907
57 0.521876 0.385761 0.0754937
58 0.558256 0.402259 0.0900796
59 0.607255 0.382116 0.103501
60 0.492415 0.376192 0.0646906
61 0.515789 0.373629 0.0817378
62 0.495553 0.334893 0.0823864
63 0.502766 0.306518 0.0994318
64 0.555743 0.396253 0.0784659
65 0.527883 0.413834 0.0582793
66 0.553599 0.354595 0.0864037
67 0.453215 0.339099 0.0707684
68 0.48148 0.283603 0.0798592
69 0.443424 0.308668 0.0668391
70 0.430054 0.291371 0.0762214
71 0.380369 0.260448 0.0658267
72 0.550382 0.261115 0.0919317
73 0.515704 0.280578 0.0862618
74 0.571647 0.347933 0.0928126
75 0.497755 0.339023 0.0931276
76 0.565681 0.345768 0.104914
77 0.540604 0.364275 0.12047
78 0.56325 0.438488 0.0596294
79 0.565389 0.42672 0.0822342
80 0.637087 0.435154 0.081701
81 0.5771 0.411472 0.119843
82 0.567841 0.395158 0.0955993
83 0.611641 0.380462 0.115956
84 0.570114 0.376587 0.0867887
85 0.592561 0.370529 0.119823
86 0.54655 0.43563 0.0890779
87 0.580574 0.475644 0.0578536
88 0.698279 0.430665 0.0968036
89 0.535686 0.411396 0.0839477
90 0.578434 0.390021 0.102664
91 0.469151 0.346649 0.0722942
92 0.517142 0.370115 0.0924873
93 0.623837 0.369848 0.109802
94 0.55408 0.2959 0.106201
95 0.560229 0.366487 0.11014
96 0.51298 0.414747 0.057192
97 0.542304 0.398299 0.0715921
98 0.517986 0.434644 0.0650611
99 0.533439 0.402148 0.0753882
100 0.581344 0.352846 0.0982917
